System State in Time:
Time | # of Active Airstaitons | Phi | Phi_Dot
0 100 0.0103712 -0.0107485 -0.000373474 0.103712 -0.107485 -0.00373474 
0.1 100 0.0311095 -0.0322486 -0.00109928 0.207383 -0.215002 -0.00725806 
0.2 100 0.0622071 -0.0645069 -0.00215731 0.310977 -0.322582 -0.0105803 
0.3 100 0.103653 -0.107532 -0.00352845 0.414456 -0.430255 -0.0137114 
0.4 100 0.155431 -0.161337 -0.00519451 0.517786 -0.538047 -0.0166606 
0.5 100 0.217525 -0.225935 -0.00713822 0.620935 -0.645982 -0.0194371 
0.6 100 0.289912 -0.301344 -0.00934314 0.723872 -0.754084 -0.0220492 
0.7 100 0.372569 -0.387581 -0.0117937 0.826566 -0.862373 -0.0245052 
0.8 100 0.465468 -0.484668 -0.0144749 0.928989 -0.970868 -0.0268129 
0.9 100 0.568579 -0.592626 -0.0173729 1.03111 -1.07959 -0.0289795 
1 100 0.68187 -0.711481 -0.0204741 1.13291 -1.18854 -0.0310121 
1.1 100 0.805306 -0.841256 -0.0237658 1.23436 -1.29775 -0.0329173 
1.2 100 0.938849 -0.981978 -0.027236 1.33543 -1.40723 -0.0347016 
1.3 100 1.08246 -1.13368 -0.0308731 1.4361 -1.51697 -0.0363708 
1.4 100 1.2361 -1.29638 -0.0346662 1.53635 -1.627 -0.0379309 
1.5 100 1.39971 -1.47011 -0.0386049 1.63616 -1.73733 -0.039387 
1.6 100 1.57326 -1.6549 -0.0426793 1.7355 -1.84794 -0.0407446 
1.7 100 1.7567 -1.85079 -0.0468802 1.83435 -1.95886 -0.0420083 
1.8 100 1.94997 -2.0578 -0.0511985 1.9327 -2.07008 -0.043183 
1.9 100 2.15302 -2.27596 -0.0556257 2.03052 -2.18161 -0.044273 
2 100 2.3658 -2.5053 -0.060154 2.1278 -2.29345 -0.0452824 
2.1 100 2.58825 -2.74586 -0.0647755 2.22452 -2.40559 -0.0462154 
2.2 100 2.82032 -2.99767 -0.0694831 2.32066 -2.51804 -0.0470757 
2.3 100 3.06194 -3.26074 -0.0742698 2.41621 -2.63078 -0.0478668 
2.4 100 3.31305 -3.53513 -0.079129 2.51114 -2.74383 -0.0485922 
2.5 100 3.5736 -3.82085 -0.0840545 2.60545 -2.85718 -0.0492551 
2.6 100 3.84351 -4.11793 -0.0890404 2.69912 -2.97081 -0.0498586 
2.7 100 4.12272 -4.4264 -0.0940809 2.79214 -3.08473 -0.0504056 
2.8 100 4.41117 -4.74629 -0.0991708 2.88449 -3.19893 -0.0508988 
2.9 100 4.70879 -5.07763 -0.104305 2.97616 -3.3134 -0.051341 
3 100 5.0155 -5.42045 -0.109478 3.06715 -3.42814 -0.0517346 
3.1 100 5.33125 -5.77476 -0.114687 3.15743 -3.54313 -0.052082 
3.2 100 5.65595 -6.1406 -0.119925 3.247 -3.65837 -0.0523854 
3.3 100 5.98953 -6.51798 -0.12519 3.33585 -3.77385 -0.0526471 
3.4 100 6.33193 -6.90694 -0.130477 3.42397 -3.88955 -0.052869 
3.5 100 6.68306 -7.30749 -0.135782 3.51136 -4.00548 -0.053053 
3.6 100 7.04286 -7.71965 -0.141102 3.59799 -4.12161 -0.0532011 
3.7 100 7.41125 -8.14344 -0.146434 3.68388 -4.23795 -0.053315 
3.8 100 7.78815 -8.57889 -0.151773 3.769 -4.35447 -0.0533964 
3.9 100 8.17349 -9.02601 -0.157118 3.85336 -4.47117 -0.0534468 
4 100 8.56718 -9.48481 -0.162465 3.93695 -4.58803 -0.0534678 
4.1 100 8.96916 -9.95532 -0.167811 4.01976 -4.70505 -0.0534608 
4.2 100 9.37934 -10.4375 -0.173154 4.10179 -4.82222 -0.0534272 
4.3 100 9.79764 -10.9315 -0.17849 4.18304 -4.93952 -0.0533684 
4.4 100 10.224 -11.4372 -0.183819 4.2635 -5.05693 -0.0532855 
4.5 100 10.6583 -11.9546 -0.189137 4.34317 -5.17446 -0.0531798 
4.6 100 11.1005 -12.4838 -0.194442 4.42205 -5.29208 -0.0530524 
4.7 100 11.5505 -13.0248 -0.199733 4.50014 -5.4098 -0.0529044 
4.8 100 12.0083 -13.5776 -0.205006 4.57743 -5.52758 -0.0527368 
4.9 100 12.4737 -14.1421 -0.210261 4.65393 -5.64543 -0.0525507 
5 100 12.9466 -14.7185 -0.215496 4.72963 -5.76334 -0.0523469 
5.1 100 13.4271 -15.3066 -0.220709 4.80453 -5.88128 -0.0521265 
5.2 100 13.9149 -15.9065 -0.225898 4.87865 -5.99926 -0.0518902 
5.3 100 14.4101 -16.5182 -0.231062 4.95196 -6.11725 -0.0516389 
5.4 100 14.9126 -17.1418 -0.236199 5.02449 -6.23525 -0.0513734 
5.5 100 15.4222 -17.7771 -0.241308 5.09623 -6.35326 -0.0510945 
5.6 100 15.9389 -18.4242 -0.246389 5.16718 -6.47125 -0.0508028 
5.7 100 16.4627 -19.0831 -0.251439 5.23735 -6.58921 -0.0504991 
5.8 100 16.9933 -19.7538 -0.256457 5.30673 -6.70715 -0.0501841 
5.9 100 17.5309 -20.4363 -0.261443 5.37534 -6.82504 -0.0498583 
6 100 18.0752 -21.1306 -0.266395 5.44317 -6.94288 -0.0495225 
6.1 100 18.6262 -21.8367 -0.271313 5.51024 -7.06066 -0.0491772 
6.2 100 19.1839 -22.5545 -0.276195 5.57653 -7.17837 -0.0488229 
6.3 100 19.7481 -23.2841 -0.281041 5.64207 -7.296 -0.0484603 
6.4 100 20.3188 -24.0255 -0.28585 5.70685 -7.41354 -0.0480897 
6.5 100 20.8959 -24.7786 -0.290621 5.77088 -7.53099 -0.0477119 
6.6 100 21.4793 -25.5434 -0.295354 5.83417 -7.64833 -0.0473271 
6.7 100 22.0689 -26.32 -0.300048 5.89671 -7.76555 -0.0469359 
6.8 100 22.6648 -27.1082 -0.304701 5.95852 -7.88266 -0.0465388 
6.9 100 23.2668 -27.9082 -0.309315 6.01961 -7.99964 -0.0461361 
7 100 23.8747 -28.7199 -0.313888 6.07997 -8.11649 -0.0457283 
7.1 100 24.4887 -29.5432 -0.318419 6.13961 -8.23319 -0.0453157 
7.2 100 25.1086 -30.3782 -0.322909 6.19855 -8.34975 -0.0448988 
7.3 100 25.7342 -31.2248 -0.327357 6.25679 -8.46615 -0.0444779 
7.4 100 26.3657 -32.083 -0.331762 6.31433 -8.58239 -0.0440534 
7.5 100 27.0028 -32.9529 -0.336125 6.37118 -8.69847 -0.0436255 
7.6 100 27.6455 -33.8343 -0.340444 6.42736 -8.81437 -0.0431947 
7.7 100 28.2938 -34.7273 -0.344721 6.48286 -8.93009 -0.0427612 
7.8 100 28.9476 -35.6319 -0.348953 6.53769 -9.04563 -0.0423254 
7.9 100 29.6068 -36.548 -0.353142 6.59187 -9.16099 -0.0418875 
8 100 30.2713 -37.4756 -0.357287 6.64539 -9.27615 -0.0414478 
8.1 100 30.9411 -38.4147 -0.361387 6.69828 -9.39111 -0.0410066 
8.2 100 31.6162 -39.3653 -0.365444 6.75052 -9.50588 -0.0405642 
8.3 100 32.2964 -40.3273 -0.369456 6.80214 -9.62044 -0.0401207 
8.4 100 32.9817 -41.3008 -0.373423 6.85314 -9.73479 -0.0396764 
8.5 100 33.6721 -42.2857 -0.377347 6.90353 -9.84893 -0.0392316 
8.6 100 34.3674 -43.282 -0.381225 6.95332 -9.96285 -0.0387865 
8.7 100 35.0677 -44.2896 -0.385059 7.0025 -10.0766 -0.0383413 
8.8 100 35.7728 -45.3086 -0.388849 7.05111 -10.19 -0.0378962 
8.9 100 36.4827 -46.339 -0.392594 7.09913 -10.3033 -0.0374513 
9 100 37.1973 -47.3806 -0.396295 7.14657 -10.4163 -0.037007 
9.1 100 37.9167 -48.4335 -0.399951 7.19346 -10.5292 -0.0365632 
9.2 100 38.6407 -49.4977 -0.403563 7.23979 -10.6417 -0.0361204 
9.3 100 39.3692 -50.5731 -0.407131 7.28557 -10.7541 -0.0356785 
9.4 100 40.1023 -51.6597 -0.410655 7.33081 -10.8662 -0.0352378 
9.5 100 40.8398 -52.7575 -0.414135 7.37552 -10.9781 -0.0347984 
9.6 100 41.5818 -53.8665 -0.417571 7.4197 -11.0897 -0.0343605 
9.7 100 42.3282 -54.9866 -0.420963 7.46337 -11.2011 -0.0339241 
9.8 100 43.0788 -56.1178 -0.424312 7.50652 -11.3123 -0.0334895 
9.9 100 43.8337 -57.2602 -0.427618 7.54918 -11.4232 -0.0330568 
10 100 44.5929 -58.4136 -0.43088 7.59134 -11.5339 -0.032626 
10.1 100 45.3562 -59.578 -0.4341 7.63302 -11.6444 -0.0321973 
10.2 100 46.1236 -60.7535 -0.437277 7.67422 -11.7546 -0.0317709 
10.3 100 46.8951 -61.9399 -0.440412 7.71495 -11.8646 -0.0313468 
10.4 100 47.6706 -63.1373 -0.443504 7.75522 -11.9743 -0.0309251 
10.5 100 48.4501 -64.3457 -0.446555 7.79503 -12.0838 -0.0305059 
10.6 100 49.2335 -65.565 -0.449564 7.83439 -12.193 -0.0300894 
10.7 100 50.0209 -66.7952 -0.452531 7.87332 -12.302 -0.0296755 
10.8 100 50.8121 -68.0363 -0.455458 7.91181 -12.4108 -0.0292644 
10.9 100 51.607 -69.2882 -0.458343 7.94987 -12.5194 -0.0288562 
11 100 52.4058 -70.551 -0.461189 7.98751 -12.6277 -0.0284509 
11.1 100 53.2083 -71.8246 -0.463993 8.02475 -12.7357 -0.0280487 
11.2 100 54.0144 -73.1089 -0.466758 8.06157 -12.8435 -0.0276495 
11.3 100 54.8242 -74.404 -0.469484 8.098 -12.9511 -0.0272534 
11.4 100 55.6376 -75.7099 -0.47217 8.13404 -13.0585 -0.0268606 
11.5 100 56.4546 -77.0265 -0.474817 8.1697 -13.1656 -0.026471 
11.6 100 57.2751 -78.3537 -0.477425 8.20497 -13.2725 -0.0260847 
11.7 100 58.0991 -79.6916 -0.479996 8.23988 -13.3792 -0.0257017 
11.8 100 58.9265 -81.0402 -0.482528 8.27441 -13.4856 -0.0253222 
11.9 100 59.7574 -82.3994 -0.485022 8.3086 -13.5918 -0.0249461 
12 100 60.5916 -83.7691 -0.48748 8.34242 -13.6978 -0.0245734 
12.1 100 61.4292 -85.1495 -0.4899 8.37591 -13.8035 -0.0242043 
12.2 100 62.2701 -86.5404 -0.492284 8.40905 -13.909 -0.0238387 
12.3 100 63.1143 -87.9418 -0.494632 8.44186 -14.0144 -0.0234768 
12.4 100 63.9617 -89.3538 -0.496944 8.47434 -14.1194 -0.0231184 
12.5 100 64.8124 -90.7762 -0.49922 8.5065 -14.2243 -0.0227636 
12.6 100 65.6662 -92.2091 -0.501461 8.53835 -14.329 -0.0224125 
12.7 100 66.5232 -93.6524 -0.503668 8.56989 -14.4334 -0.022065 
12.8 100 67.3833 -95.1062 -0.50584 8.60112 -14.5376 -0.0217213 
12.9 100 68.2465 -96.5704 -0.507978 8.63205 -14.6417 -0.0213812 
13 100 69.1128 -98.0449 -0.510082 8.66269 -14.7455 -0.0210449 
13.1 100 69.9821 -99.5298 -0.512154 8.69304 -14.8491 -0.0207122 
13.2 100 70.8544 -101.025 -0.514192 8.72311 -14.9525 -0.0203834 
13.3 100 71.7297 -102.531 -0.516198 8.7529 -15.0557 -0.0200582 
13.4 100 72.6079 -104.047 -0.518171 8.78242 -15.1587 -0.0197368 
13.5 100 73.4891 -105.573 -0.520113 8.81167 -15.2615 -0.0194191 
13.6 100 74.3732 -107.109 -0.522024 8.84066 -15.3641 -0.0191052 
13.7 100 75.2601 -108.656 -0.523903 8.86939 -15.4665 -0.018795 
13.8 100 76.1499 -110.213 -0.525752 8.89787 -15.5687 -0.0184886 
13.9 100 77.0425 -111.78 -0.527571 8.92611 -15.6708 -0.0181859 
14 100 77.9379 -113.357 -0.529359 8.9541 -15.7726 -0.0178869 
14.1 100 78.8361 -114.944 -0.531119 8.98185 -15.8743 -0.0175917 
14.2 100 79.7371 -116.542 -0.532849 9.00937 -15.9758 -0.0173001 
14.3 100 80.6407 -118.15 -0.53455 9.03666 -16.0771 -0.0170123 
14.4 100 81.5471 -119.767 -0.536223 9.06372 -16.1782 -0.0167282 
14.5 100 82.4561 -121.395 -0.537867 9.09057 -16.2791 -0.0164477 
14.6 100 83.3679 -123.033 -0.539485 9.1172 -16.3799 -0.0161709 
14.7 100 84.2822 -124.681 -0.541074 9.14361 -16.4805 -0.0158977 
14.8 100 85.1992 -126.339 -0.542637 9.16982 -16.5809 -0.0156282 
14.9 100 86.1188 -128.008 -0.544173 9.19583 -16.6812 -0.0153623 
15 100 87.041 -129.686 -0.545683 9.22163 -16.7813 -0.0151 
15.1 100 87.9657 -131.374 -0.547168 9.24724 -16.8812 -0.0148413 
15.2 100 88.8929 -133.072 -0.548626 9.27266 -16.981 -0.0145861 
15.3 100 89.8227 -134.78 -0.55006 9.29789 -17.0806 -0.0143344 
15.4 100 90.755 -136.498 -0.551468 9.32293 -17.1801 -0.0140863 
15.5 100 91.6898 -138.226 -0.552852 9.34779 -17.2794 -0.0138416 
15.6 100 92.6271 -139.964 -0.554212 9.37247 -17.3786 -0.0136004 
15.7 100 93.5668 -141.712 -0.555549 9.39699 -17.4776 -0.0133626 
15.8 100 94.5089 -143.469 -0.556861 9.42132 -17.5765 -0.0131283 
15.9 100 95.4534 -145.237 -0.558151 9.4455 -17.6752 -0.0128973 
16 100 96.4004 -147.014 -0.559418 9.4695 -17.7738 -0.0126697 
16.1 100 97.3497 -148.801 -0.560663 9.49335 -17.8722 -0.0124455 
16.2 100 98.3014 -150.598 -0.561885 9.51704 -17.9705 -0.0122245 
16.3 100 99.2555 -152.405 -0.563086 9.54058 -18.0687 -0.0120068 
16.4 100 100.212 -154.222 -0.564265 9.56396 -18.1667 -0.0117924 
16.5 100 101.171 -156.048 -0.565423 9.5872 -18.2646 -0.0115812 
16.6 100 102.132 -157.885 -0.566561 9.61028 -18.3624 -0.0113731 
16.7 100 103.095 -159.731 -0.567677 9.63323 -18.46 -0.0111683 
16.8 100 104.061 -161.586 -0.568774 9.65604 -18.5575 -0.0109665 
16.9 100 105.028 -163.452 -0.569851 9.67871 -18.6549 -0.0107679 
17 100 105.999 -165.327 -0.570908 9.70125 -18.7522 -0.0105723 
17.1 100 106.971 -167.212 -0.571946 9.72365 -18.8493 -0.0103798 
17.2 100 107.946 -169.107 -0.572965 9.74593 -18.9464 -0.0101902 
17.3 100 108.922 -171.011 -0.573965 9.76807 -19.0433 -0.0100037 
17.4 100 109.901 -172.925 -0.574947 9.7901 -19.1401 -0.00982006 
17.5 100 110.883 -174.849 -0.575911 9.812 -19.2368 -0.00963936 
17.6 100 111.866 -176.782 -0.576858 9.83379 -19.3334 -0.00946153 
17.7 100 112.851 -178.725 -0.577786 9.85546 -19.4298 -0.00928656 
17.8 100 113.839 -180.678 -0.578698 9.87701 -19.5262 -0.00911439 
17.9 100 114.829 -182.64 -0.579592 9.89845 -19.6225 -0.00894501 
18 100 115.821 -184.612 -0.58047 9.91979 -19.7186 -0.00877838 
18.1 100 116.815 -186.593 -0.581331 9.94101 -19.8147 -0.00861447 
18.2 100 117.811 -188.584 -0.582177 9.96213 -19.9106 -0.00845324 
18.3 100 118.81 -190.585 -0.583006 9.98315 -20.0065 -0.00829466 
18.4 100 119.81 -192.595 -0.58382 10.0041 -20.1022 -0.00813871 
18.5 100 120.812 -194.615 -0.584619 10.0249 -20.1979 -0.00798534 
18.6 100 121.817 -196.644 -0.585402 10.0456 -20.2935 -0.00783453 
18.7 100 122.824 -198.683 -0.586171 10.0662 -20.3889 -0.00768624 
18.8 100 123.832 -200.732 -0.586925 10.0868 -20.4843 -0.00754044 
18.9 100 124.843 -202.79 -0.587664 10.1072 -20.5796 -0.0073971 
19 100 125.856 -204.857 -0.58839 10.1276 -20.6748 -0.00725619 
19.1 100 126.871 -206.934 -0.589102 10.1478 -20.77 -0.00711767 
19.2 100 127.887 -209.021 -0.5898 10.168 -20.865 -0.00698151 
19.3 100 128.906 -211.117 -0.590485 10.1881 -20.96 -0.00684769 
19.4 100 129.927 -213.222 -0.591156 10.2081 -21.0549 -0.00671617 
19.5 100 130.95 -215.337 -0.591815 10.228 -21.1497 -0.00658691 
19.6 100 131.975 -217.461 -0.592461 10.2479 -21.2444 -0.00645989 
19.7 100 133.001 -219.595 -0.593095 10.2677 -21.339 -0.00633508 
19.8 100 134.03 -221.739 -0.593716 10.2874 -21.4336 -0.00621245 
19.9 100 135.061 -223.892 -0.594325 10.307 -21.5281 -0.00609195 
20 100 136.093 -226.054 -0.594922 10.3266 -21.6225 -0.00597358 
20.1 100 137.128 -228.225 -0.595508 10.346 -21.7169 -0.00585728 
20.2 100 138.165 -230.407 -0.596082 10.3655 -21.8112 -0.00574305 
20.3 100 139.203 -232.597 -0.596645 10.3848 -21.9054 -0.00563083 
20.4 100 140.244 -234.797 -0.597197 10.4041 -21.9996 -0.00552061 
20.5 100 141.286 -237.006 -0.597739 10.4233 -22.0937 -0.00541236 
20.6 100 142.33 -239.225 -0.598269 10.4424 -22.1877 -0.00530604 
20.7 100 143.376 -241.453 -0.598789 10.4615 -22.2816 -0.00520163 
20.8 100 144.424 -243.691 -0.599299 10.4806 -22.3755 -0.00509909 
20.9 100 145.474 -245.938 -0.599799 10.4995 -22.4694 -0.00499841 
21 100 146.526 -248.194 -0.600289 10.5184 -22.5631 -0.00489955 
21.1 100 147.58 -250.46 -0.600769 10.5373 -22.6569 -0.00480248 
21.2 100 148.635 -252.735 -0.60124 10.5561 -22.7505 -0.00470718 
21.3 100 149.693 -255.019 -0.601702 10.5748 -22.8441 -0.00461362 
21.4 100 150.752 -257.313 -0.602154 10.5935 -22.9377 -0.00452178 
21.5 100 151.813 -259.616 -0.602597 10.6121 -23.0312 -0.00443161 
21.6 100 152.877 -261.929 -0.603031 10.6307 -23.1246 -0.00434311 
21.7 100 153.941 -264.25 -0.603457 10.6492 -23.218 -0.00425624 
21.8 100 155.008 -266.582 -0.603874 10.6677 -23.3113 -0.00417097 
21.9 100 156.077 -268.922 -0.604283 10.6861 -23.4046 -0.00408729 
22 100 157.147 -271.272 -0.604683 10.7045 -23.4978 -0.00400516 
22.1 100 158.22 -273.631 -0.605076 10.7228 -23.591 -0.00392456 
22.2 100 159.294 -275.999 -0.60546 10.7411 -23.6842 -0.00384547 
22.3 100 160.37 -278.377 -0.605837 10.7594 -23.7773 -0.00376786 
22.4 100 161.447 -280.764 -0.606206 10.7776 -23.8703 -0.00369171 
22.5 100 162.527 -283.16 -0.606568 10.7957 -23.9633 -0.00361699 
22.6 100 163.608 -285.566 -0.606922 10.8139 -24.0563 -0.00354367 
22.7 100 164.692 -287.981 -0.607269 10.8319 -24.1492 -0.00347175 
22.8 100 165.777 -290.405 -0.607609 10.85 -24.2421 -0.00340118 
22.9 100 166.863 -292.839 -0.607943 10.868 -24.3349 -0.00333196 
23 100 167.952 -295.281 -0.608269 10.8859 -24.4277 -0.00326405 
23.1 100 169.042 -297.734 -0.608589 10.9038 -24.5204 -0.00319744 
23.2 100 170.134 -300.195 -0.608902 10.9217 -24.6131 -0.0031321 
23.3 100 171.228 -302.665 -0.609209 10.9395 -24.7058 -0.00306802 
23.4 100 172.324 -305.145 -0.609509 10.9574 -24.7985 -0.00300516 
23.5 100 173.422 -307.634 -0.609804 10.9751 -24.8911 -0.00294351 
23.6 100 174.521 -310.133 -0.610092 10.9929 -24.9836 -0.00288305 
23.7 100 175.622 -312.64 -0.610374 11.0106 -25.0762 -0.00282376 
23.8 100 176.725 -315.157 -0.610651 11.0283 -25.1687 -0.00276561 
23.9 100 177.829 -317.683 -0.610922 11.0459 -25.2611 -0.0027086 
24 100 178.936 -320.219 -0.611187 11.0635 -25.3535 -0.00265269 
24.1 100 180.044 -322.763 -0.611447 11.0811 -25.4459 -0.00259786 
24.2 100 181.154 -325.317 -0.611701 11.0986 -25.5383 -0.00254411 
24.3 100 182.265 -327.88 -0.61195 11.1162 -25.6306 -0.00249141 
24.4 100 183.379 -330.452 -0.612194 11.1337 -25.7229 -0.00243974 
24.5 100 184.494 -333.034 -0.612433 11.1511 -25.8152 -0.00238908 
24.6 100 185.611 -335.625 -0.612667 11.1686 -25.9075 -0.00233941 
24.7 100 186.729 -338.225 -0.612896 11.186 -25.9997 -0.00229073 
24.8 100 187.85 -340.834 -0.613121 11.2034 -26.0919 -0.002243 
24.9 100 188.972 -343.452 -0.61334 11.2207 -26.184 -0.00219622 
25 100 190.096 -346.08 -0.613555 11.238 -26.2762 -0.00215036 
25.1 100 191.221 -348.717 -0.613766 11.2554 -26.3683 -0.00210541 
25.2 100 192.348 -351.363 -0.613972 11.2726 -26.4603 -0.00206135 
25.3 100 193.477 -354.018 -0.614174 11.2899 -26.5524 -0.00201817 
25.4 100 194.608 -356.682 -0.614371 11.3071 -26.6444 -0.00197585 
25.5 100 195.74 -359.356 -0.614565 11.3244 -26.7364 -0.00193438 
25.6 100 196.875 -362.039 -0.614754 11.3415 -26.8284 -0.00189373 
25.7 100 198.011 -364.731 -0.61494 11.3587 -26.9204 -0.00185389 
25.8 100 199.148 -367.432 -0.615121 11.3759 -27.0123 -0.00181486 
25.9 100 200.287 -370.143 -0.615299 11.393 -27.1042 -0.0017766 
26 100 201.428 -372.862 -0.615473 11.4101 -27.1961 -0.00173912 
26.1 100 202.571 -375.591 -0.615643 11.4272 -27.288 -0.00170239 
26.2 100 203.716 -378.329 -0.615809 11.4443 -27.3799 -0.0016664 
26.3 100 204.862 -381.076 -0.615973 11.4613 -27.4717 -0.00163114 
26.4 100 206.01 -383.833 -0.616132 11.4784 -27.5635 -0.00159659 
26.5 100 207.159 -386.598 -0.616289 11.4954 -27.6553 -0.00156275 
26.6 100 208.31 -389.373 -0.616441 11.5124 -27.7471 -0.00152958 
26.7 100 209.463 -392.157 -0.616591 11.5293 -27.8388 -0.0014971 
26.8 100 210.618 -394.95 -0.616738 11.5463 -27.9305 -0.00146527 
26.9 100 211.774 -397.752 -0.616881 11.5633 -28.0223 -0.00143409 
27 100 212.932 -400.563 -0.617021 11.5802 -28.114 -0.00140355 
27.1 100 214.092 -403.384 -0.617159 11.5971 -28.2056 -0.00137363 
27.2 100 215.253 -406.214 -0.617293 11.614 -28.2973 -0.00134432 
27.3 100 216.416 -409.053 -0.617425 11.6309 -28.3889 -0.00131561 
27.4 100 217.581 -411.901 -0.617554 11.6477 -28.4806 -0.00128749 
27.5 100 218.748 -414.758 -0.61768 11.6646 -28.5722 -0.00125995 
27.6 100 219.916 -417.624 -0.617803 11.6814 -28.6638 -0.00123298 
27.7 100 221.086 -420.5 -0.617924 11.6983 -28.7554 -0.00120656 
27.8 100 222.257 -423.384 -0.618042 11.7151 -28.8469 -0.00118068 
27.9 100 223.43 -426.278 -0.618157 11.7319 -28.9385 -0.00115534 
28 100 224.605 -429.181 -0.61827 11.7487 -29.03 -0.00113053 
28.1 100 225.782 -432.093 -0.618381 11.7654 -29.1216 -0.00110622 
28.2 100 226.96 -435.015 -0.618489 11.7822 -29.2131 -0.00108242 
28.3 100 228.14 -437.945 -0.618595 11.7989 -29.3046 -0.00105911 
28.4 100 229.321 -440.885 -0.618699 11.8157 -29.3961 -0.00103629 
28.5 100 230.505 -443.834 -0.6188 11.8324 -29.4875 -0.00101394 
28.6 100 231.69 -446.791 -0.618899 11.8491 -29.579 -0.000992059 
28.7 100 232.876 -449.758 -0.618996 11.8658 -29.6705 -0.000970631 
28.8 100 234.064 -452.735 -0.619091 11.8825 -29.7619 -0.00094965 
28.9 100 235.254 -455.72 -0.619184 11.8992 -29.8533 -0.000929107 
29 100 236.446 -458.714 -0.619275 11.9158 -29.9447 -0.000908994 
29.1 100 237.639 -461.718 -0.619364 11.9325 -30.0361 -0.000889302 
29.2 100 238.834 -464.731 -0.619451 11.9492 -30.1275 -0.000870022 
29.3 100 240.031 -467.753 -0.619536 11.9658 -30.2189 -0.000851146 
29.4 100 241.229 -470.784 -0.619619 11.9824 -30.3103 -0.000832667 
29.5 100 242.429 -473.824 -0.619701 11.999 -30.4016 -0.000814576 
29.6 100 243.63 -476.873 -0.61978 12.0156 -30.493 -0.000796866 
29.7 100 244.834 -479.932 -0.619858 12.0322 -30.5843 -0.000779528 
29.8 100 246.038 -482.999 -0.619935 12.0488 -30.6757 -0.000762556 
29.9 100 247.245 -486.076 -0.620009 12.0654 -30.767 -0.000745943 
30 100 248.453 -489.162 -0.620082 12.082 -30.8583 -0.00072968 
30.1 100 249.663 -492.257 -0.620154 12.0986 -30.9496 -0.000713761 
30.2 100 250.875 -495.361 -0.620223 12.1151 -31.0409 -0.000698179 
30.3 100 252.088 -498.474 -0.620292 12.1317 -31.1322 -0.000682927 
30.4 100 253.303 -501.596 -0.620359 12.1482 -31.2234 -0.000667998 
30.5 100 254.519 -504.728 -0.620424 12.1648 -31.3147 -0.000653387 
30.6 100 255.737 -507.868 -0.620488 12.1813 -31.406 -0.000639086 
30.7 100 256.957 -511.018 -0.62055 12.1978 -31.4972 -0.000625088 
30.8 100 258.178 -514.177 -0.620611 12.2143 -31.5885 -0.000611389 
30.9 100 259.401 -517.345 -0.620671 12.2308 -31.6797 -0.000597982 
31 100 260.626 -520.522 -0.62073 12.2473 -31.7709 -0.00058486 
31.1 100 261.853 -523.708 -0.620787 12.2638 -31.8622 -0.000572019 
31.2 100 263.081 -526.904 -0.620843 12.2803 -31.9534 -0.000559452 
31.3 100 264.31 -530.108 -0.620898 12.2968 -32.0446 -0.000547153 
31.4 100 265.542 -533.322 -0.620951 12.3133 -32.1358 -0.000535118 
31.5 100 266.775 -536.544 -0.621003 12.3297 -32.227 -0.000523341 
31.6 100 268.009 -539.776 -0.621055 12.3462 -32.3182 -0.000511816 
31.7 100 269.245 -543.017 -0.621105 12.3627 -32.4093 -0.000500538 
31.8 100 270.483 -546.267 -0.621154 12.3791 -32.5005 -0.000489502 
31.9 100 271.723 -549.526 -0.621201 12.3956 -32.5917 -0.000478703 
32 100 272.964 -552.795 -0.621248 12.412 -32.6829 -0.000468137 
32.1 100 274.207 -556.072 -0.621294 12.4284 -32.774 -0.000457798 
32.2 100 275.451 -559.359 -0.621339 12.4449 -32.8652 -0.000447682 
32.3 100 276.698 -562.654 -0.621383 12.4613 -32.9563 -0.000437784 
32.4 100 277.945 -565.959 -0.621425 12.4777 -33.0475 -0.000428099 
32.5 100 279.195 -569.273 -0.621467 12.4941 -33.1386 -0.000418624 
32.6 100 280.446 -572.596 -0.621508 12.5105 -33.2297 -0.000409353 
32.7 100 281.699 -575.928 -0.621548 12.5269 -33.3208 -0.000400283 
32.8 100 282.953 -579.269 -0.621587 12.5433 -33.412 -0.000391409 
32.9 100 284.209 -582.619 -0.621626 12.5597 -33.5031 -0.000382727 
33 100 285.466 -585.979 -0.621663 12.5761 -33.5942 -0.000374233 
33.1 100 286.726 -589.347 -0.6217 12.5925 -33.6853 -0.000365924 
33.2 100 287.987 -592.725 -0.621735 12.6089 -33.7764 -0.000357795 
33.3 100 289.249 -596.112 -0.62177 12.6253 -33.8675 -0.000349842 
33.4 100 290.513 -599.508 -0.621805 12.6417 -33.9586 -0.000342063 
33.5 100 291.779 -602.912 -0.621838 12.658 -34.0497 -0.000334452 
33.6 100 293.047 -606.327 -0.621871 12.6744 -34.1408 -0.000327007 
33.7 100 294.316 -609.75 -0.621903 12.6908 -34.2319 -0.000319725 
33.8 100 295.586 -613.182 -0.621934 12.7071 -34.3229 -0.000312601 
33.9 100 296.859 -616.623 -0.621965 12.7235 -34.414 -0.000305632 
34 100 298.133 -620.074 -0.621994 12.7398 -34.5051 -0.000298816 
34.1 100 299.408 -623.534 -0.622024 12.7562 -34.5961 -0.000292148 
34.2 100 300.685 -627.002 -0.622052 12.7725 -34.6872 -0.000285626 
34.3 100 301.964 -630.48 -0.62208 12.7889 -34.7783 -0.000279247 
34.4 100 303.245 -633.967 -0.622107 12.8052 -34.8693 -0.000273008 
34.5 100 304.527 -637.463 -0.622134 12.8216 -34.9604 -0.000266905 
34.6 100 305.811 -640.968 -0.62216 12.8379 -35.0514 -0.000260935 
34.7 100 307.096 -644.482 -0.622186 12.8542 -35.1425 -0.000255097 
34.8 100 308.383 -648.006 -0.622211 12.8706 -35.2335 -0.000249387 
34.9 100 309.672 -651.538 -0.622235 12.8869 -35.3245 -0.000243802 
35 100 310.962 -655.08 -0.622259 12.9032 -35.4156 -0.00023834 
35.1 100 312.254 -658.63 -0.622282 12.9195 -35.5066 -0.000232997 
35.2 100 313.548 -662.19 -0.622305 12.9359 -35.5976 -0.000227773 
35.3 100 314.843 -665.759 -0.622327 12.9522 -35.6887 -0.000222663 
35.4 100 316.14 -669.337 -0.622349 12.9685 -35.7797 -0.000217666 
35.5 100 317.438 -672.924 -0.62237 12.9848 -35.8707 -0.000212779 
35.6 100 318.739 -676.52 -0.622391 13.0011 -35.9617 -0.000207999 
35.7 100 320.04 -680.126 -0.622411 13.0174 -36.0527 -0.000203325 
35.8 100 321.344 -683.74 -0.622431 13.0337 -36.1438 -0.000198755 
35.9 100 322.649 -687.363 -0.622451 13.05 -36.2348 -0.000194285 
36 100 323.955 -690.996 -0.62247 13.0663 -36.3258 -0.000189914 
36.1 100 325.264 -694.638 -0.622488 13.0826 -36.4168 -0.000185639 
36.2 100 326.573 -698.288 -0.622506 13.0989 -36.5078 -0.000181459 
36.3 100 327.885 -701.948 -0.622524 13.1152 -36.5988 -0.000177372 
36.4 100 329.198 -705.617 -0.622542 13.1315 -36.6898 -0.000173375 
36.5 100 330.513 -709.295 -0.622558 13.1478 -36.7808 -0.000169467 
36.6 100 331.829 -712.983 -0.622575 13.1641 -36.8718 -0.000165645 
36.7 100 333.147 -716.679 -0.622591 13.1804 -36.9628 -0.000161908 
36.8 100 334.467 -720.384 -0.622607 13.1967 -37.0538 -0.000158254 
36.9 100 335.788 -724.099 -0.622623 13.2129 -37.1448 -0.000154681 
37 100 337.111 -727.822 -0.622638 13.2292 -37.2357 -0.000151188 
37.1 100 338.436 -731.555 -0.622652 13.2455 -37.3267 -0.000147772 
37.2 100 339.762 -735.297 -0.622667 13.2618 -37.4177 -0.000144432 
37.3 100 341.09 -739.048 -0.622681 13.278 -37.5087 -0.000141166 
37.4 100 342.419 -742.808 -0.622695 13.2943 -37.5997 -0.000137973 
37.5 100 343.75 -746.577 -0.622708 13.3106 -37.6907 -0.000134852 
37.6 100 345.083 -750.355 -0.622721 13.3269 -37.7816 -0.000131799 
37.7 100 346.417 -754.142 -0.622734 13.3431 -37.8726 -0.000128815 
37.8 100 347.753 -757.938 -0.622747 13.3594 -37.9636 -0.000125897 
37.9 100 349.091 -761.744 -0.622759 13.3757 -38.0545 -0.000123045 
38 100 350.43 -765.558 -0.622771 13.3919 -38.1455 -0.000120256 
38.1 100 351.771 -769.382 -0.622783 13.4082 -38.2365 -0.000117529 
38.2 100 353.113 -773.215 -0.622794 13.4245 -38.3275 -0.000114864 
38.3 100 354.457 -777.057 -0.622806 13.4407 -38.4184 -0.000112258 
38.4 100 355.803 -780.908 -0.622817 13.457 -38.5094 -0.00010971 
38.5 100 357.15 -784.768 -0.622827 13.4732 -38.6003 -0.000107219 
38.6 100 358.499 -788.637 -0.622838 13.4895 -38.6913 -0.000104784 
38.7 100 359.85 -792.515 -0.622848 13.5058 -38.7823 -0.000102404 
38.8 100 361.202 -796.402 -0.622858 13.522 -38.8732 -0.000100076 
38.9 100 362.556 -800.299 -0.622868 13.5383 -38.9642 -9.78014e-05 
39 100 363.911 -804.204 -0.622877 13.5545 -39.0551 -9.55774e-05 
39.1 100 365.268 -808.119 -0.622887 13.5708 -39.1461 -9.34033e-05 
39.2 100 366.627 -812.043 -0.622896 13.587 -39.2371 -9.12779e-05 
39.3 100 367.987 -815.975 -0.622905 13.6033 -39.328 -8.92004e-05 
39.4 100 369.349 -819.917 -0.622914 13.6195 -39.419 -8.71694e-05 
39.5 100 370.713 -823.868 -0.622922 13.6358 -39.5099 -8.51841e-05 
39.6 100 372.078 -827.828 -0.62293 13.652 -39.6009 -8.32435e-05 
39.7 100 373.445 -831.798 -0.622939 13.6683 -39.6918 -8.13464e-05 
39.8 100 374.813 -835.776 -0.622947 13.6845 -39.7828 -7.94921e-05 
39.9 100 376.184 -839.763 -0.622954 13.7008 -39.8737 -7.76795e-05 
40 100 377.555 -843.76 -0.622962 13.717 -39.9647 -7.59077e-05 
40.1 100 378.929 -847.765 -0.622969 13.7332 -40.0556 -7.41758e-05 
40.2 100 380.303 -851.78 -0.622977 13.7495 -40.1465 -7.2483e-05 
40.3 100 381.68 -855.804 -0.622984 13.7657 -40.2375 -7.08283e-05 
40.4 100 383.058 -859.836 -0.622991 13.782 -40.3284 -6.92109e-05 
40.5 100 384.438 -863.878 -0.622997 13.7982 -40.4194 -6.76301e-05 
40.6 100 385.82 -867.929 -0.623004 13.8144 -40.5103 -6.60849e-05 
40.7 100 387.203 -871.99 -0.62301 13.8307 -40.6013 -6.45745e-05 
40.8 100 388.587 -876.059 -0.623017 13.8469 -40.6922 -6.30983e-05 
40.9 100 389.974 -880.137 -0.623023 13.8632 -40.7831 -6.16555e-05 
41 100 391.362 -884.224 -0.623029 13.8794 -40.8741 -6.02452e-05 
41.1 100 392.751 -888.321 -0.623035 13.8956 -40.965 -5.88669e-05 
41.2 100 394.142 -892.427 -0.623041 13.9119 -41.0559 -5.75197e-05 
41.3 100 395.535 -896.541 -0.623046 13.9281 -41.1469 -5.6203e-05 
41.4 100 396.93 -900.665 -0.623052 13.9443 -41.2378 -5.49161e-05 
41.5 100 398.326 -904.798 -0.623057 13.9606 -41.3287 -5.36584e-05 
41.6 100 399.723 -908.94 -0.623062 13.9768 -41.4197 -5.24291e-05 
41.7 100 401.123 -913.091 -0.623067 13.993 -41.5106 -5.12277e-05 
41.8 100 402.524 -917.251 -0.623072 14.0093 -41.6015 -5.00535e-05 
41.9 100 403.926 -921.42 -0.623077 14.0255 -41.6925 -4.8906e-05 
42 100 405.33 -925.599 -0.623082 14.0417 -41.7834 -4.77844e-05 
42.1 100 406.736 -929.786 -0.623087 14.058 -41.8743 -4.66883e-05 
42.2 100 408.143 -933.983 -0.623091 14.0742 -41.9653 -4.56171e-05 
42.3 100 409.552 -938.188 -0.623096 14.0904 -42.0562 -4.45703e-05 
42.4 100 410.963 -942.403 -0.6231 14.1066 -42.1471 -4.35472e-05 
42.5 100 412.375 -946.627 -0.623104 14.1229 -42.2381 -4.25473e-05 
42.6 100 413.789 -950.86 -0.623108 14.1391 -42.329 -4.15702e-05 
42.7 100 415.205 -955.102 -0.623113 14.1553 -42.4199 -4.06152e-05 
42.8 100 416.622 -959.353 -0.623117 14.1715 -42.5108 -3.9682e-05 
42.9 100 418.041 -963.613 -0.62312 14.1878 -42.6018 -3.877e-05 
43 100 419.461 -967.882 -0.623124 14.204 -42.6927 -3.78788e-05 
43.1 100 420.883 -972.161 -0.623128 14.2202 -42.7836 -3.70079e-05 
43.2 100 422.307 -976.448 -0.623131 14.2364 -42.8745 -3.61568e-05 
43.3 100 423.732 -980.745 -0.623135 14.2527 -42.9655 -3.5325e-05 
43.4 100 425.159 -985.05 -0.623138 14.2689 -43.0564 -3.45123e-05 
43.5 100 426.588 -989.365 -0.623142 14.2851 -43.1473 -3.3718e-05 
43.6 100 428.018 -993.689 -0.623145 14.3013 -43.2382 -3.29419e-05 
43.7 100 429.449 -998.022 -0.623148 14.3176 -43.3291 -3.21834e-05 
43.8 100 430.883 -1002.36 -0.623151 14.3338 -43.4201 -3.14423e-05 
43.9 100 432.318 -1006.71 -0.623155 14.35 -43.511 -3.0718e-05 
44 100 433.754 -1011.07 -0.623158 14.3662 -43.6019 -3.00103e-05 
44.1 100 435.193 -1015.44 -0.623161 14.3824 -43.6928 -2.93188e-05 
44.2 100 436.633 -1019.82 -0.623163 14.3987 -43.7838 -2.8643e-05 
44.3 100 438.074 -1024.21 -0.623166 14.4149 -43.8747 -2.79827e-05 
44.4 100 439.517 -1028.61 -0.623169 14.4311 -43.9656 -2.73374e-05 
44.5 100 440.962 -1033.01 -0.623172 14.4473 -44.0565 -2.6707e-05 
44.6 100 442.408 -1037.43 -0.623174 14.4635 -44.1474 -2.60909e-05 
44.7 100 443.856 -1041.85 -0.623177 14.4798 -44.2384 -2.54889e-05 
44.8 100 445.306 -1046.28 -0.623179 14.496 -44.3293 -2.49007e-05 
44.9 100 446.757 -1050.73 -0.623182 14.5122 -44.4202 -2.43259e-05 
45 100 448.21 -1055.18 -0.623184 14.5284 -44.5111 -2.37643e-05 
45.1 100 449.664 -1059.64 -0.623186 14.5446 -44.602 -2.32156e-05 
45.2 100 451.12 -1064.11 -0.623189 14.5609 -44.6929 -2.26794e-05 
45.3 100 452.578 -1068.58 -0.623191 14.5771 -44.7839 -2.21555e-05 
45.4 100 454.037 -1073.07 -0.623193 14.5933 -44.8748 -2.16436e-05 
45.5 100 455.498 -1077.57 -0.623195 14.6095 -44.9657 -2.11434e-05 
45.6 100 456.961 -1082.07 -0.623197 14.6257 -45.0566 -2.06547e-05 
45.7 100 458.425 -1086.59 -0.623199 14.6419 -45.1475 -2.01772e-05 
45.8 100 459.891 -1091.11 -0.623201 14.6582 -45.2384 -1.97107e-05 
45.9 100 461.358 -1095.65 -0.623203 14.6744 -45.3294 -1.92548e-05 
46 100 462.827 -1100.19 -0.623205 14.6906 -45.4203 -1.88094e-05 
46.1 100 464.298 -1104.74 -0.623207 14.7068 -45.5112 -1.83743e-05 
46.2 100 465.77 -1109.3 -0.623209 14.723 -45.6021 -1.79491e-05 
46.3 100 467.244 -1113.87 -0.62321 14.7392 -45.693 -1.75337e-05 
46.4 100 468.72 -1118.45 -0.623212 14.7554 -45.7839 -1.71278e-05 
46.5 100 470.197 -1123.03 -0.623214 14.7717 -45.8748 -1.67313e-05 
46.6 100 471.676 -1127.63 -0.623215 14.7879 -45.9658 -1.63438e-05 
46.7 100 473.156 -1132.24 -0.623217 14.8041 -46.0567 -1.59653e-05 
46.8 100 474.638 -1136.85 -0.623219 14.8203 -46.1476 -1.55955e-05 
46.9 100 476.122 -1141.48 -0.62322 14.8365 -46.2385 -1.52342e-05 
47 100 477.607 -1146.11 -0.623222 14.8527 -46.3294 -1.48811e-05 
47.1 100 479.094 -1150.75 -0.623223 14.8689 -46.4203 -1.45362e-05 
47.2 100 480.583 -1155.4 -0.623224 14.8852 -46.5112 -1.41993e-05 
47.3 100 482.073 -1160.06 -0.623226 14.9014 -46.6021 -1.38701e-05 
47.4 100 483.565 -1164.73 -0.623227 14.9176 -46.6931 -1.35485e-05 
47.5 100 485.058 -1169.41 -0.623228 14.9338 -46.784 -1.32342e-05 
47.6 100 486.553 -1174.1 -0.62323 14.95 -46.8749 -1.29273e-05 
47.7 100 488.05 -1178.79 -0.623231 14.9662 -46.9658 -1.26273e-05 
47.8 100 489.548 -1183.5 -0.623232 14.9824 -47.0567 -1.23343e-05 
47.9 100 491.048 -1188.21 -0.623233 14.9987 -47.1476 -1.20481e-05 
48 100 492.549 -1192.94 -0.623235 15.0149 -47.2385 -1.17684e-05 
48.1 100 494.052 -1197.67 -0.623236 15.0311 -47.3294 -1.14952e-05 
48.2 100 495.557 -1202.41 -0.623237 15.0473 -47.4204 -1.12283e-05 
48.3 100 497.063 -1207.16 -0.623238 15.0635 -47.5113 -1.09676e-05 
48.4 100 498.571 -1211.92 -0.623239 15.0797 -47.6022 -1.07129e-05 
48.5 100 500.081 -1216.69 -0.62324 15.0959 -47.6931 -1.0464e-05 
48.6 100 501.592 -1221.47 -0.623241 15.1121 -47.784 -1.02209e-05 
48.7 100 503.105 -1226.26 -0.623242 15.1283 -47.8749 -9.98338e-06 
48.8 100 504.619 -1231.06 -0.623243 15.1446 -47.9658 -9.75137e-06 
48.9 100 506.135 -1235.86 -0.623244 15.1608 -48.0567 -9.52471e-06 
49 100 507.653 -1240.68 -0.623245 15.177 -48.1476 -9.30328e-06 
49.1 100 509.172 -1245.5 -0.623246 15.1932 -48.2385 -9.08697e-06 
49.2 100 510.693 -1250.33 -0.623247 15.2094 -48.3295 -8.87566e-06 
49.3 100 512.216 -1255.18 -0.623248 15.2256 -48.4204 -8.66924e-06 
49.4 100 513.74 -1260.03 -0.623249 15.2418 -48.5113 -8.46758e-06 
49.5 100 515.266 -1264.89 -0.623249 15.258 -48.6022 -8.27059e-06 
49.6 100 516.793 -1269.76 -0.62325 15.2742 -48.6931 -8.07815e-06 
49.7 100 518.322 -1274.63 -0.623251 15.2905 -48.784 -7.89016e-06 
49.8 100 519.853 -1279.52 -0.623252 15.3067 -48.8749 -7.70652e-06 
49.9 100 521.385 -1284.42 -0.623252 15.3229 -48.9658 -7.52713e-06 
50 100 522.919 -1289.32 -0.623253 15.3391 -49.0567 -7.35189e-06 
50.1 100 524.455 -1294.24 -0.623254 15.3553 -49.1476 -7.18071e-06 
50.2 100 525.992 -1299.16 -0.623255 15.3715 -49.2386 -7.01349e-06 
50.3 100 527.531 -1304.1 -0.623255 15.3877 -49.3295 -6.85014e-06 
50.4 100 529.071 -1309.04 -0.623256 15.4039 -49.4204 -6.69057e-06 
50.5 100 530.613 -1313.99 -0.623257 15.4201 -49.5113 -6.5347e-06 
50.6 100 532.157 -1318.95 -0.623257 15.4363 -49.6022 -6.38244e-06 
50.7 100 533.702 -1323.92 -0.623258 15.4526 -49.6931 -6.23371e-06 
50.8 100 535.249 -1328.9 -0.623259 15.4688 -49.784 -6.08842e-06 
50.9 100 536.797 -1333.88 -0.623259 15.485 -49.8749 -5.94651e-06 
51 100 538.348 -1338.88 -0.62326 15.5012 -49.9658 -5.80788e-06 
51.1 100 539.899 -1343.89 -0.62326 15.5174 -50.0567 -5.67246e-06 
51.2 100 541.453 -1348.9 -0.623261 15.5336 -50.1476 -5.54019e-06 
51.3 100 543.008 -1353.93 -0.623261 15.5498 -50.2385 -5.41098e-06 
51.4 100 544.564 -1358.96 -0.623262 15.566 -50.3295 -5.28478e-06 
51.5 100 546.122 -1364 -0.623262 15.5822 -50.4204 -5.1615e-06 
51.6 100 547.682 -1369.05 -0.623263 15.5984 -50.5113 -5.04108e-06 
51.7 100 549.244 -1374.11 -0.623263 15.6146 -50.6022 -4.92345e-06 
51.8 100 550.807 -1379.18 -0.623264 15.6309 -50.6931 -4.80856e-06 
51.9 100 552.372 -1384.26 -0.623264 15.6471 -50.784 -4.69633e-06 
52 100 553.938 -1389.35 -0.623265 15.6633 -50.8749 -4.58671e-06 
52.1 100 555.506 -1394.44 -0.623265 15.6795 -50.9658 -4.47963e-06 
52.2 100 557.075 -1399.55 -0.623266 15.6957 -51.0567 -4.37504e-06 
52.3 100 558.647 -1404.66 -0.623266 15.7119 -51.1476 -4.27288e-06 
52.4 100 560.219 -1409.79 -0.623267 15.7281 -51.2385 -4.1731e-06 
52.5 100 561.794 -1414.92 -0.623267 15.7443 -51.3294 -4.07563e-06 
52.6 100 563.37 -1420.06 -0.623267 15.7605 -51.4203 -3.98043e-06 
52.7 100 564.948 -1425.21 -0.623268 15.7767 -51.5112 -3.88744e-06 
52.8 100 566.527 -1430.37 -0.623268 15.7929 -51.6022 -3.79662e-06 
52.9 100 568.108 -1435.54 -0.623268 15.8092 -51.6931 -3.7079e-06 
53 100 569.69 -1440.72 -0.623269 15.8254 -51.784 -3.62125e-06 
53.1 100 571.274 -1445.91 -0.623269 15.8416 -51.8749 -3.53661e-06 
53.2 100 572.86 -1451.11 -0.62327 15.8578 -51.9658 -3.45395e-06 
53.3 100 574.448 -1456.31 -0.62327 15.874 -52.0567 -3.3732e-06 
53.4 100 576.037 -1461.53 -0.62327 15.8902 -52.1476 -3.29434e-06 
53.5 100 577.627 -1466.75 -0.623271 15.9064 -52.2385 -3.21731e-06 
53.6 100 579.22 -1471.98 -0.623271 15.9226 -52.3294 -3.14207e-06 
53.7 100 580.813 -1477.22 -0.623271 15.9388 -52.4203 -3.06859e-06 
53.8 100 582.409 -1482.48 -0.623271 15.955 -52.5112 -2.99681e-06 
53.9 100 584.006 -1487.74 -0.623272 15.9712 -52.6021 -2.92671e-06 
54 100 585.605 -1493.01 -0.623272 15.9874 -52.693 -2.85824e-06 
54.1 100 587.205 -1498.28 -0.623272 16.0037 -52.7839 -2.79136e-06 
54.2 100 588.807 -1503.57 -0.623273 16.0199 -52.8749 -2.72604e-06 
54.3 100 590.411 -1508.87 -0.623273 16.0361 -52.9658 -2.66225e-06 
54.4 100 592.016 -1514.17 -0.623273 16.0523 -53.0567 -2.59994e-06 
54.5 100 593.623 -1519.49 -0.623273 16.0685 -53.1476 -2.53908e-06 
54.6 100 595.231 -1524.81 -0.623274 16.0847 -53.2385 -2.47964e-06 
54.7 100 596.841 -1530.15 -0.623274 16.1009 -53.3294 -2.42159e-06 
54.8 100 598.453 -1535.49 -0.623274 16.1171 -53.4203 -2.36488e-06 
54.9 100 600.066 -1540.84 -0.623274 16.1333 -53.5112 -2.30951e-06 
55 100 601.681 -1546.2 -0.623275 16.1495 -53.6021 -2.25542e-06 
55.1 100 603.298 -1551.57 -0.623275 16.1657 -53.693 -2.20259e-06 
55.2 100 604.916 -1556.95 -0.623275 16.1819 -53.7839 -2.151e-06 
55.3 100 606.536 -1562.33 -0.623275 16.1981 -53.8748 -2.10061e-06 
55.4 100 608.157 -1567.73 -0.623275 16.2144 -53.9657 -2.0514e-06 
55.5 100 609.78 -1573.14 -0.623276 16.2306 -54.0566 -2.00333e-06 
55.6 100 611.405 -1578.55 -0.623276 16.2468 -54.1475 -1.95639e-06 
55.7 100 613.031 -1583.97 -0.623276 16.263 -54.2384 -1.91054e-06 
55.8 100 614.659 -1589.41 -0.623276 16.2792 -54.3294 -1.86576e-06 
55.9 100 616.289 -1594.85 -0.623276 16.2954 -54.4203 -1.82203e-06 
56 100 617.92 -1600.3 -0.623277 16.3116 -54.5112 -1.77932e-06 
56.1 100 619.553 -1605.76 -0.623277 16.3278 -54.6021 -1.7376e-06 
56.2 100 621.187 -1611.23 -0.623277 16.344 -54.693 -1.69686e-06 
56.3 100 622.823 -1616.71 -0.623277 16.3602 -54.7839 -1.65707e-06 
56.4 100 624.461 -1622.2 -0.623277 16.3764 -54.8748 -1.61821e-06 
56.5 100 626.1 -1627.69 -0.623277 16.3926 -54.9657 -1.58026e-06 
56.6 100 627.741 -1633.2 -0.623278 16.4088 -55.0566 -1.5432e-06 
56.7 100 629.384 -1638.71 -0.623278 16.4251 -55.1475 -1.507e-06 
56.8 100 631.028 -1644.24 -0.623278 16.4413 -55.2384 -1.47165e-06 
56.9 100 632.673 -1649.77 -0.623278 16.4575 -55.3293 -1.43712e-06 
57 100 634.321 -1655.31 -0.623278 16.4737 -55.4202 -1.4034e-06 
57.1 100 635.97 -1660.86 -0.623278 16.4899 -55.5111 -1.37047e-06 
57.2 100 637.62 -1666.42 -0.623278 16.5061 -55.602 -1.33831e-06 
57.3 100 639.273 -1671.99 -0.623278 16.5223 -55.6929 -1.3069e-06 
57.4 100 640.926 -1677.57 -0.623279 16.5385 -55.7838 -1.27623e-06 
57.5 100 642.582 -1683.16 -0.623279 16.5547 -55.8748 -1.24627e-06 
57.6 100 644.239 -1688.75 -0.623279 16.5709 -55.9657 -1.21701e-06 
57.7 100 645.898 -1694.36 -0.623279 16.5871 -56.0566 -1.18844e-06 
57.8 100 647.558 -1699.98 -0.623279 16.6033 -56.1475 -1.16054e-06 
57.9 100 649.22 -1705.6 -0.623279 16.6195 -56.2384 -1.13329e-06 
58 100 650.884 -1711.23 -0.623279 16.6357 -56.3293 -1.10668e-06 
58.1 100 652.549 -1716.87 -0.623279 16.652 -56.4202 -1.08069e-06 
58.2 100 654.216 -1722.52 -0.62328 16.6682 -56.5111 -1.0553e-06 
58.3 100 655.884 -1728.19 -0.62328 16.6844 -56.602 -1.03052e-06 
58.4 100 657.554 -1733.85 -0.62328 16.7006 -56.6929 -1.00631e-06 
58.5 100 659.226 -1739.53 -0.62328 16.7168 -56.7838 -9.82669e-07 
58.6 100 660.899 -1745.22 -0.62328 16.733 -56.8747 -9.59582e-07 
58.7 100 662.574 -1750.92 -0.62328 16.7492 -56.9656 -9.37036e-07 
58.8 100 664.251 -1756.62 -0.62328 16.7654 -57.0565 -9.15017e-07 
58.9 100 665.929 -1762.34 -0.62328 16.7816 -57.1474 -8.93515e-07 
59 100 667.609 -1768.06 -0.62328 16.7978 -57.2383 -8.72516e-07 
59.1 100 669.29 -1773.79 -0.62328 16.814 -57.3292 -8.52009e-07 
59.2 100 670.973 -1779.54 -0.62328 16.8302 -57.4202 -8.31983e-07 
59.3 100 672.658 -1785.29 -0.623281 16.8464 -57.5111 -8.12426e-07 
59.4 100 674.344 -1791.05 -0.623281 16.8626 -57.602 -7.93327e-07 
59.5 100 676.032 -1796.82 -0.623281 16.8789 -57.6929 -7.74675e-07 
59.6 100 677.721 -1802.6 -0.623281 16.8951 -57.7838 -7.56461e-07 
59.7 100 679.412 -1808.38 -0.623281 16.9113 -57.8747 -7.38674e-07 
59.8 100 681.105 -1814.18 -0.623281 16.9275 -57.9656 -7.21304e-07 
59.9 100 682.799 -1819.98 -0.623281 16.9437 -58.0565 -7.04341e-07 
60 100 684.495 -1825.8 -0.623281 16.9599 -58.1474 -6.87776e-07 
60.1 100 686.193 -1831.62 -0.623281 16.9761 -58.2383 -6.71599e-07 
60.2 100 687.892 -1837.46 -0.623281 16.9923 -58.3292 -6.55801e-07 
60.3 100 689.593 -1843.3 -0.623281 17.0085 -58.4201 -6.40375e-07 
60.4 100 691.296 -1849.15 -0.623281 17.0247 -58.511 -6.25309e-07 
60.5 100 693 -1855.01 -0.623281 17.0409 -58.6019 -6.10598e-07 
60.6 100 694.705 -1860.88 -0.623281 17.0571 -58.6928 -5.96231e-07 
60.7 100 696.413 -1866.76 -0.623281 17.0733 -58.7837 -5.82202e-07 
60.8 100 698.122 -1872.64 -0.623282 17.0895 -58.8746 -5.68501e-07 
60.9 100 699.832 -1878.54 -0.623282 17.1058 -58.9655 -5.55122e-07 
61 100 701.544 -1884.45 -0.623282 17.122 -59.0565 -5.42058e-07 
61.1 100 703.258 -1890.36 -0.623282 17.1382 -59.1474 -5.29299e-07 
61.2 100 704.974 -1896.29 -0.623282 17.1544 -59.2383 -5.1684e-07 
61.3 100 706.691 -1902.22 -0.623282 17.1706 -59.3292 -5.04674e-07 
61.4 100 708.409 -1908.16 -0.623282 17.1868 -59.4201 -4.92793e-07 
61.5 100 710.13 -1914.11 -0.623282 17.203 -59.511 -4.81192e-07 
61.6 100 711.852 -1920.07 -0.623282 17.2192 -59.6019 -4.69862e-07 
61.7 100 713.575 -1926.04 -0.623282 17.2354 -59.6928 -4.58799e-07 
61.8 100 715.3 -1932.02 -0.623282 17.2516 -59.7837 -4.47995e-07 
61.9 100 717.027 -1938.01 -0.623282 17.2678 -59.8746 -4.37445e-07 
62 100 718.756 -1944 -0.623282 17.284 -59.9655 -4.27143e-07 
62.1 100 720.486 -1950.01 -0.623282 17.3002 -60.0564 -4.17083e-07 
62.2 100 722.217 -1956.02 -0.623282 17.3164 -60.1473 -4.0726e-07 
62.3 100 723.951 -1962.05 -0.623282 17.3327 -60.2382 -3.97667e-07 
62.4 100 725.685 -1968.08 -0.623282 17.3489 -60.3291 -3.88299e-07 
62.5 100 727.422 -1974.12 -0.623282 17.3651 -60.42 -3.79152e-07 
62.6 100 729.16 -1980.17 -0.623282 17.3813 -60.5109 -3.70219e-07 
62.7 100 730.9 -1986.23 -0.623282 17.3975 -60.6018 -3.61496e-07 
62.8 100 732.641 -1992.3 -0.623282 17.4137 -60.6927 -3.52979e-07 
62.9 100 734.384 -1998.38 -0.623282 17.4299 -60.7837 -3.44661e-07 
63 100 736.129 -2004.47 -0.623283 17.4461 -60.8746 -3.36539e-07 
63.1 100 737.875 -2010.57 -0.623283 17.4623 -60.9655 -3.28608e-07 
63.2 100 739.623 -2016.67 -0.623283 17.4785 -61.0564 -3.20864e-07 
63.3 100 741.372 -2022.79 -0.623283 17.4947 -61.1473 -3.13301e-07 
63.4 100 743.123 -2028.91 -0.623283 17.5109 -61.2382 -3.05917e-07 
63.5 100 744.876 -2035.04 -0.623283 17.5271 -61.3291 -2.98706e-07 
63.6 100 746.63 -2041.18 -0.623283 17.5433 -61.42 -2.91664e-07 
63.7 100 748.386 -2047.34 -0.623283 17.5595 -61.5109 -2.84789e-07 
63.8 100 750.144 -2053.5 -0.623283 17.5758 -61.6018 -2.78074e-07 
63.9 100 751.903 -2059.66 -0.623283 17.592 -61.6927 -2.71518e-07 
64 100 753.664 -2065.84 -0.623283 17.6082 -61.7836 -2.65116e-07 
64.1 100 755.426 -2072.03 -0.623283 17.6244 -61.8745 -2.58865e-07 
64.2 100 757.19 -2078.23 -0.623283 17.6406 -61.9654 -2.52761e-07 
64.3 100 758.956 -2084.43 -0.623283 17.6568 -62.0563 -2.468e-07 
64.4 100 760.723 -2090.65 -0.623283 17.673 -62.1472 -2.4098e-07 
64.5 100 762.492 -2096.87 -0.623283 17.6892 -62.2381 -2.35296e-07 
64.6 100 764.263 -2103.1 -0.623283 17.7054 -62.329 -2.29746e-07 
64.7 100 766.035 -2109.35 -0.623283 17.7216 -62.4199 -2.24327e-07 
64.8 100 767.809 -2115.6 -0.623283 17.7378 -62.5109 -2.19036e-07 
64.9 100 769.584 -2121.86 -0.623283 17.754 -62.6018 -2.13869e-07 
65 100 771.361 -2128.13 -0.623283 17.7702 -62.6927 -2.08823e-07 
65.1 100 773.14 -2134.41 -0.623283 17.7864 -62.7836 -2.03897e-07 
65.2 100 774.92 -2140.69 -0.623283 17.8027 -62.8745 -1.99086e-07 
65.3 100 776.702 -2146.99 -0.623283 17.8189 -62.9654 -1.94388e-07 
65.4 100 778.486 -2153.29 -0.623283 17.8351 -63.0563 -1.89802e-07 
65.5 100 780.271 -2159.61 -0.623283 17.8513 -63.1472 -1.85323e-07 
65.6 100 782.057 -2165.93 -0.623283 17.8675 -63.2381 -1.8095e-07 
65.7 100 783.846 -2172.27 -0.623283 17.8837 -63.329 -1.76679e-07 
65.8 100 785.636 -2178.61 -0.623283 17.8999 -63.4199 -1.72509e-07 
65.9 100 787.427 -2184.96 -0.623283 17.9161 -63.5108 -1.68438e-07 
66 100 789.221 -2191.32 -0.623283 17.9323 -63.6017 -1.64462e-07 
66.1 100 791.016 -2197.69 -0.623283 17.9485 -63.6926 -1.6058e-07 
66.2 100 792.812 -2204.07 -0.623283 17.9647 -63.7835 -1.5679e-07 
66.3 100 794.61 -2210.45 -0.623283 17.9809 -63.8744 -1.53088e-07 
66.4 100 796.41 -2216.85 -0.623283 17.9971 -63.9653 -1.49474e-07 
66.5 100 798.211 -2223.26 -0.623283 18.0133 -64.0562 -1.45945e-07 
66.6 100 800.014 -2229.67 -0.623283 18.0295 -64.1471 -1.425e-07 
66.7 100 801.819 -2236.1 -0.623283 18.0458 -64.2381 -1.39135e-07 
66.8 100 803.625 -2242.53 -0.623283 18.062 -64.329 -1.3585e-07 
66.9 100 805.433 -2248.97 -0.623283 18.0782 -64.4199 -1.32642e-07 
67 100 807.242 -2255.42 -0.623283 18.0944 -64.5108 -1.2951e-07 
67.1 100 809.053 -2261.88 -0.623283 18.1106 -64.6017 -1.26451e-07 
67.2 100 810.866 -2268.35 -0.623283 18.1268 -64.6926 -1.23465e-07 
67.3 100 812.68 -2274.83 -0.623283 18.143 -64.7835 -1.20549e-07 
67.4 100 814.496 -2281.32 -0.623283 18.1592 -64.8744 -1.17702e-07 
67.5 100 816.314 -2287.81 -0.623283 18.1754 -64.9653 -1.14922e-07 
67.6 100 818.133 -2294.32 -0.623283 18.1916 -65.0562 -1.12207e-07 
67.7 100 819.954 -2300.83 -0.623283 18.2078 -65.1471 -1.09557e-07 
67.8 100 821.776 -2307.36 -0.623283 18.224 -65.238 -1.06969e-07 
67.9 100 823.6 -2313.89 -0.623283 18.2402 -65.3289 -1.04442e-07 
68 100 825.426 -2320.43 -0.623283 18.2564 -65.4198 -1.01974e-07 
68.1 100 827.253 -2326.98 -0.623283 18.2726 -65.5107 -9.95651e-08 
68.2 100 829.082 -2333.54 -0.623284 18.2889 -65.6016 -9.72126e-08 
68.3 100 830.912 -2340.11 -0.623284 18.3051 -65.6925 -9.49157e-08 
68.4 100 832.744 -2346.69 -0.623284 18.3213 -65.7834 -9.2673e-08 
68.5 100 834.578 -2353.28 -0.623284 18.3375 -65.8743 -9.04831e-08 
68.6 100 836.414 -2359.87 -0.623284 18.3537 -65.9653 -8.83449e-08 
68.7 100 838.251 -2366.48 -0.623284 18.3699 -66.0562 -8.62572e-08 
68.8 100 840.089 -2373.1 -0.623284 18.3861 -66.1471 -8.42187e-08 
68.9 100 841.929 -2379.72 -0.623284 18.4023 -66.238 -8.22282e-08 
69 100 843.771 -2386.35 -0.623284 18.4185 -66.3289 -8.02848e-08 
69.1 100 845.615 -2392.99 -0.623284 18.4347 -66.4198 -7.83872e-08 
69.2 100 847.46 -2399.64 -0.623284 18.4509 -66.5107 -7.65344e-08 
69.3 100 849.306 -2406.3 -0.623284 18.4671 -66.6016 -7.47253e-08 
69.4 100 851.155 -2412.97 -0.623284 18.4833 -66.6925 -7.29589e-08 
69.5 100 853.005 -2419.65 -0.623284 18.4995 -66.7834 -7.12342e-08 
69.6 100 854.856 -2426.34 -0.623284 18.5157 -66.8743 -6.95502e-08 
69.7 100 856.71 -2433.04 -0.623284 18.532 -66.9652 -6.79059e-08 
69.8 100 858.564 -2439.74 -0.623284 18.5482 -67.0561 -6.63005e-08 
69.9 100 860.421 -2446.46 -0.623284 18.5644 -67.147 -6.47329e-08 
70 100 862.279 -2453.18 -0.623284 18.5806 -67.2379 -6.32024e-08 
70.1 100 864.139 -2459.91 -0.623284 18.5968 -67.3288 -6.17079e-08 
70.2 100 866 -2466.66 -0.623284 18.613 -67.4197 -6.02488e-08 
70.3 100 867.863 -2473.41 -0.623284 18.6292 -67.5106 -5.88241e-08 
70.4 100 869.727 -2480.17 -0.623284 18.6454 -67.6015 -5.74331e-08 
70.5 100 871.593 -2486.94 -0.623284 18.6616 -67.6925 -5.60749e-08 
70.6 100 873.461 -2493.71 -0.623284 18.6778 -67.7834 -5.47487e-08 
70.7 100 875.331 -2500.5 -0.623284 18.694 -67.8743 -5.34539e-08 
70.8 100 877.202 -2507.3 -0.623284 18.7102 -67.9652 -5.21896e-08 
70.9 100 879.074 -2514.1 -0.623284 18.7264 -68.0561 -5.09553e-08 
71 100 880.949 -2520.92 -0.623284 18.7426 -68.147 -4.975e-08 
71.1 100 882.824 -2527.74 -0.623284 18.7588 -68.2379 -4.85732e-08 
71.2 100 884.702 -2534.58 -0.623284 18.7751 -68.3288 -4.74243e-08 
71.3 100 886.581 -2541.42 -0.623284 18.7913 -68.4197 -4.63024e-08 
71.4 100 888.462 -2548.27 -0.623284 18.8075 -68.5106 -4.52071e-08 
71.5 100 890.344 -2555.13 -0.623284 18.8237 -68.6015 -4.41376e-08 
71.6 100 892.228 -2562 -0.623284 18.8399 -68.6924 -4.30934e-08 
71.7 100 894.114 -2568.88 -0.623284 18.8561 -68.7833 -4.20739e-08 
71.8 100 896.001 -2575.76 -0.623284 18.8723 -68.8742 -4.10784e-08 
71.9 100 897.89 -2582.66 -0.623284 18.8885 -68.9651 -4.01065e-08 
72 100 899.78 -2589.57 -0.623284 18.9047 -69.056 -3.91575e-08 
72.1 100 901.672 -2596.48 -0.623284 18.9209 -69.1469 -3.8231e-08 
72.2 100 903.566 -2603.4 -0.623284 18.9371 -69.2378 -3.73263e-08 
72.3 100 905.461 -2610.34 -0.623284 18.9533 -69.3287 -3.64431e-08 
72.4 100 907.358 -2617.28 -0.623284 18.9695 -69.4196 -3.55807e-08 
72.5 100 909.257 -2624.23 -0.623284 18.9857 -69.5106 -3.47387e-08 
72.6 100 911.157 -2631.19 -0.623284 19.002 -69.6015 -3.39165e-08 
72.7 100 913.059 -2638.16 -0.623284 19.0182 -69.6924 -3.31138e-08 
72.8 100 914.962 -2645.14 -0.623284 19.0344 -69.7833 -3.23301e-08 
72.9 100 916.868 -2652.12 -0.623284 19.0506 -69.8742 -3.15649e-08 
73 100 918.774 -2659.12 -0.623284 19.0668 -69.9651 -3.08178e-08 
73.1 100 920.682 -2666.13 -0.623284 19.083 -70.056 -3.00884e-08 
73.2 100 922.592 -2673.14 -0.623284 19.0992 -70.1469 -2.93762e-08 
73.3 100 924.504 -2680.17 -0.623284 19.1154 -70.2378 -2.86808e-08 
73.4 100 926.417 -2687.2 -0.623284 19.1316 -70.3287 -2.80019e-08 
73.5 100 928.332 -2694.24 -0.623284 19.1478 -70.4196 -2.7339e-08 
73.6 100 930.248 -2701.29 -0.623284 19.164 -70.5105 -2.66918e-08 
73.7 100 932.166 -2708.35 -0.623284 19.1802 -70.6014 -2.60599e-08 
73.8 100 934.086 -2715.42 -0.623284 19.1964 -70.6923 -2.54429e-08 
73.9 100 936.007 -2722.5 -0.623284 19.2126 -70.7832 -2.48406e-08 
74 100 937.93 -2729.59 -0.623284 19.2288 -70.8741 -2.42524e-08 
74.1 100 939.855 -2736.68 -0.623284 19.2451 -70.965 -2.36782e-08 
74.2 100 941.781 -2743.79 -0.623284 19.2613 -71.0559 -2.31176e-08 
74.3 100 943.708 -2750.9 -0.623284 19.2775 -71.1468 -2.25702e-08 
74.4 100 945.638 -2758.03 -0.623284 19.2937 -71.2378 -2.20357e-08 
74.5 100 947.569 -2765.16 -0.623284 19.3099 -71.3287 -2.15139e-08 
74.6 100 949.501 -2772.3 -0.623284 19.3261 -71.4196 -2.10045e-08 
74.7 100 951.436 -2779.45 -0.623284 19.3423 -71.5105 -2.05071e-08 
74.8 100 953.372 -2786.61 -0.623284 19.3585 -71.6014 -2.00214e-08 
74.9 100 955.309 -2793.78 -0.623284 19.3747 -71.6923 -1.95473e-08 
75 100 957.248 -2800.96 -0.623284 19.3909 -71.7832 -1.90843e-08 
75.1 100 959.189 -2808.15 -0.623284 19.4071 -71.8741 -1.86323e-08 
75.2 100 961.131 -2815.34 -0.623284 19.4233 -71.965 -1.8191e-08 
75.3 100 963.075 -2822.55 -0.623284 19.4395 -72.0559 -1.77602e-08 
75.4 100 965.021 -2829.76 -0.623284 19.4557 -72.1468 -1.73395e-08 
75.5 100 966.968 -2836.99 -0.623284 19.4719 -72.2377 -1.69288e-08 
75.6 100 968.917 -2844.22 -0.623284 19.4882 -72.3286 -1.65278e-08 
75.7 100 970.867 -2851.46 -0.623284 19.5044 -72.4195 -1.61363e-08 
75.8 100 972.819 -2858.71 -0.623284 19.5206 -72.5104 -1.57541e-08 
75.9 100 974.773 -2865.97 -0.623284 19.5368 -72.6013 -1.53809e-08 
76 100 976.728 -2873.24 -0.623284 19.553 -72.6922 -1.50165e-08 
76.1 100 978.685 -2880.52 -0.623284 19.5692 -72.7831 -1.46608e-08 
76.2 100 980.644 -2887.81 -0.623284 19.5854 -72.874 -1.43134e-08 
76.3 100 982.604 -2895.11 -0.623284 19.6016 -72.9649 -1.39743e-08 
76.4 100 984.566 -2902.41 -0.623284 19.6178 -73.0559 -1.36433e-08 
76.5 100 986.529 -2909.73 -0.623284 19.634 -73.1468 -1.332e-08 
76.6 100 988.494 -2917.05 -0.623284 19.6502 -73.2377 -1.30044e-08 
76.7 100 990.461 -2924.38 -0.623284 19.6664 -73.3286 -1.26963e-08 
76.8 100 992.429 -2931.72 -0.623284 19.6826 -73.4195 -1.23955e-08 
76.9 100 994.399 -2939.08 -0.623284 19.6988 -73.5104 -1.21017e-08 
77 100 996.37 -2946.44 -0.623284 19.715 -73.6013 -1.1815e-08 
77.1 100 998.343 -2953.81 -0.623284 19.7313 -73.6922 -1.1535e-08 
77.2 100 1000.32 -2961.18 -0.623284 19.7475 -73.7831 -1.12617e-08 
77.3 100 1002.29 -2968.57 -0.623284 19.7637 -73.874 -1.09948e-08 
77.4 100 1004.27 -2975.97 -0.623284 19.7799 -73.9649 -1.07342e-08 
77.5 100 1006.25 -2983.37 -0.623284 19.7961 -74.0558 -1.04799e-08 
77.6 100 1008.23 -2990.79 -0.623284 19.8123 -74.1467 -1.02315e-08 
77.7 100 1010.22 -2998.21 -0.623284 19.8285 -74.2376 -9.98901e-09 
77.8 100 1012.2 -3005.64 -0.623284 19.8447 -74.3285 -9.75227e-09 
77.9 100 1014.19 -3013.09 -0.623284 19.8609 -74.4194 -9.52113e-09 
78 100 1016.17 -3020.54 -0.623284 19.8771 -74.5103 -9.29547e-09 
78.1 100 1018.16 -3028 -0.623284 19.8933 -74.6012 -9.07515e-09 
78.2 100 1020.15 -3035.47 -0.623284 19.9095 -74.6921 -8.86005e-09 
78.3 100 1022.15 -3042.94 -0.623284 19.9257 -74.7831 -8.65004e-09 
78.4 100 1024.14 -3050.43 -0.623284 19.9419 -74.874 -8.445e-09 
78.5 100 1026.14 -3057.93 -0.623284 19.9581 -74.9649 -8.24482e-09 
78.6 100 1028.13 -3065.43 -0.623284 19.9744 -75.0558 -8.04938e-09 
78.7 100 1030.13 -3072.95 -0.623284 19.9906 -75.1467 -7.85856e-09 
78.8 100 1032.13 -3080.47 -0.623284 20.0068 -75.2376 -7.67227e-09 
78.9 100 1034.14 -3088.01 -0.623284 20.023 -75.3285 -7.49039e-09 
79 100 1036.14 -3095.55 -0.623284 20.0392 -75.4194 -7.31282e-09 
79.1 100 1038.15 -3103.1 -0.623284 20.0554 -75.5103 -7.13945e-09 
79.2 100 1040.15 -3110.66 -0.623284 20.0716 -75.6012 -6.97019e-09 
79.3 100 1042.16 -3118.23 -0.623284 20.0878 -75.6921 -6.80494e-09 
79.4 100 1044.17 -3125.81 -0.623284 20.104 -75.783 -6.6436e-09 
79.5 100 1046.18 -3133.39 -0.623284 20.1202 -75.8739 -6.48608e-09 
79.6 100 1048.2 -3140.99 -0.623284 20.1364 -75.9648 -6.3323e-09 
79.7 100 1050.21 -3148.6 -0.623284 20.1526 -76.0557 -6.18216e-09 
79.8 100 1052.23 -3156.21 -0.623284 20.1688 -76.1466 -6.03557e-09 
79.9 100 1054.25 -3163.83 -0.623284 20.185 -76.2375 -5.89246e-09 
80 100 1056.27 -3171.47 -0.623284 20.2012 -76.3284 -5.75274e-09 
80.1 100 1058.29 -3179.11 -0.623284 20.2175 -76.4193 -5.61633e-09 
80.2 100 1060.31 -3186.76 -0.623284 20.2337 -76.5103 -5.48315e-09 
80.3 100 1062.34 -3194.42 -0.623284 20.2499 -76.6012 -5.35313e-09 
80.4 100 1064.37 -3202.09 -0.623284 20.2661 -76.6921 -5.22618e-09 
80.5 100 1066.39 -3209.77 -0.623284 20.2823 -76.783 -5.10225e-09 
80.6 100 1068.42 -3217.45 -0.623284 20.2985 -76.8739 -4.98125e-09 
80.7 100 1070.46 -3225.15 -0.623284 20.3147 -76.9648 -4.86312e-09 
80.8 100 1072.49 -3232.86 -0.623284 20.3309 -77.0557 -4.74778e-09 
80.9 100 1074.52 -3240.57 -0.623284 20.3471 -77.1466 -4.63518e-09 
81 100 1076.56 -3248.3 -0.623284 20.3633 -77.2375 -4.52525e-09 
81.1 100 1078.6 -3256.03 -0.623284 20.3795 -77.3284 -4.41793e-09 
81.2 100 1080.64 -3263.77 -0.623284 20.3957 -77.4193 -4.31314e-09 
81.3 100 1082.68 -3271.52 -0.623284 20.4119 -77.5102 -4.21084e-09 
81.4 100 1084.72 -3279.28 -0.623284 20.4281 -77.6011 -4.11097e-09 
81.5 100 1086.77 -3287.05 -0.623284 20.4443 -77.692 -4.01346e-09 
81.6 100 1088.81 -3294.83 -0.623284 20.4606 -77.7829 -3.91826e-09 
81.7 100 1090.86 -3302.62 -0.623284 20.4768 -77.8738 -3.82532e-09 
81.8 100 1092.91 -3310.41 -0.623284 20.493 -77.9647 -3.73459e-09 
81.9 100 1094.96 -3318.22 -0.623284 20.5092 -78.0556 -3.646e-09 
82 100 1097.01 -3326.03 -0.623284 20.5254 -78.1465 -3.55951e-09 
82.1 100 1099.07 -3333.86 -0.623284 20.5416 -78.2374 -3.47507e-09 
82.2 100 1101.12 -3341.69 -0.623284 20.5578 -78.3284 -3.39264e-09 
82.3 100 1103.18 -3349.53 -0.623284 20.574 -78.4193 -3.31216e-09 
82.4 100 1105.24 -3357.38 -0.623284 20.5902 -78.5102 -3.23358e-09 
82.5 100 1107.3 -3365.24 -0.623284 20.6064 -78.6011 -3.15687e-09 
82.6 100 1109.36 -3373.11 -0.623284 20.6226 -78.692 -3.08198e-09 
82.7 100 1111.43 -3380.99 -0.623284 20.6388 -78.7829 -3.00886e-09 
82.8 100 1113.49 -3388.88 -0.623284 20.655 -78.8738 -2.93748e-09 
82.9 100 1115.56 -3396.77 -0.623284 20.6712 -78.9647 -2.86778e-09 
83 100 1117.63 -3404.68 -0.623284 20.6875 -79.0556 -2.79974e-09 
83.1 100 1119.7 -3412.59 -0.623284 20.7037 -79.1465 -2.73332e-09 
83.2 100 1121.77 -3420.52 -0.623284 20.7199 -79.2374 -2.66847e-09 
83.3 100 1123.84 -3428.45 -0.623284 20.7361 -79.3283 -2.60515e-09 
83.4 100 1125.92 -3436.39 -0.623284 20.7523 -79.4192 -2.54334e-09 
83.5 100 1127.99 -3444.34 -0.623284 20.7685 -79.5101 -2.48299e-09 
83.6 100 1130.07 -3452.3 -0.623284 20.7847 -79.601 -2.42408e-09 
83.7 100 1132.15 -3460.27 -0.623284 20.8009 -79.6919 -2.36656e-09 
83.8 100 1134.23 -3468.25 -0.623284 20.8171 -79.7828 -2.3104e-09 
83.9 100 1136.32 -3476.24 -0.623284 20.8333 -79.8737 -2.25558e-09 
84 100 1138.4 -3484.23 -0.623284 20.8495 -79.9646 -2.20205e-09 
84.1 100 1140.49 -3492.24 -0.623284 20.8657 -80.0556 -2.1498e-09 
84.2 100 1142.58 -3500.26 -0.623284 20.8819 -80.1465 -2.09878e-09 
84.3 100 1144.67 -3508.28 -0.623284 20.8981 -80.2374 -2.04898e-09 
84.4 100 1146.76 -3516.31 -0.623284 20.9143 -80.3283 -2.00036e-09 
84.5 100 1148.85 -3524.35 -0.623284 20.9306 -80.4192 -1.95288e-09 
84.6 100 1150.95 -3532.4 -0.623284 20.9468 -80.5101 -1.90654e-09 
84.7 100 1153.04 -3540.46 -0.623284 20.963 -80.601 -1.86129e-09 
84.8 100 1155.14 -3548.53 -0.623284 20.9792 -80.6919 -1.81712e-09 
84.9 100 1157.24 -3556.61 -0.623284 20.9954 -80.7828 -1.77399e-09 
85 100 1159.34 -3564.7 -0.623284 21.0116 -80.8737 -1.73189e-09 
85.1 100 1161.44 -3572.8 -0.623284 21.0278 -80.9646 -1.69079e-09 
85.2 100 1163.55 -3580.9 -0.623284 21.044 -81.0555 -1.65066e-09 
85.3 100 1165.65 -3589.02 -0.623284 21.0602 -81.1464 -1.61148e-09 
85.4 100 1167.76 -3597.14 -0.623284 21.0764 -81.2373 -1.57323e-09 
85.5 100 1169.87 -3605.27 -0.623284 21.0926 -81.3282 -1.53589e-09 
85.6 100 1171.98 -3613.41 -0.623284 21.1088 -81.4191 -1.49944e-09 
85.7 100 1174.1 -3621.57 -0.623284 21.125 -81.51 -1.46385e-09 
85.8 100 1176.21 -3629.73 -0.623284 21.1412 -81.6009 -1.4291e-09 
85.9 100 1178.32 -3637.89 -0.623284 21.1574 -81.6918 -1.39518e-09 
86 100 1180.44 -3646.07 -0.623284 21.1737 -81.7827 -1.36206e-09 
86.1 100 1182.56 -3654.26 -0.623284 21.1899 -81.8737 -1.32973e-09 
86.2 100 1184.68 -3662.46 -0.623284 21.2061 -81.9646 -1.29817e-09 
86.3 100 1186.8 -3670.66 -0.623284 21.2223 -82.0555 -1.26735e-09 
86.4 100 1188.93 -3678.88 -0.623284 21.2385 -82.1464 -1.23727e-09 
86.5 100 1191.05 -3687.1 -0.623284 21.2547 -82.2373 -1.20789e-09 
86.6 100 1193.18 -3695.33 -0.623284 21.2709 -82.3282 -1.17922e-09 
86.7 100 1195.31 -3703.58 -0.623284 21.2871 -82.4191 -1.15123e-09 
86.8 100 1197.44 -3711.83 -0.623284 21.3033 -82.51 -1.1239e-09 
86.9 100 1199.57 -3720.09 -0.623284 21.3195 -82.6009 -1.09722e-09 
87 100 1201.71 -3728.36 -0.623284 21.3357 -82.6918 -1.07117e-09 
87.1 100 1203.84 -3736.63 -0.623284 21.3519 -82.7827 -1.04574e-09 
87.2 100 1205.98 -3744.92 -0.623284 21.3681 -82.8736 -1.02091e-09 
87.3 100 1208.12 -3753.22 -0.623284 21.3843 -82.9645 -9.96674e-10 
87.4 100 1210.26 -3761.52 -0.623284 21.4005 -83.0554 -9.73011e-10 
87.5 100 1212.4 -3769.84 -0.623284 21.4168 -83.1463 -9.4991e-10 
87.6 100 1214.54 -3778.16 -0.623284 21.433 -83.2372 -9.27357e-10 
87.7 100 1216.69 -3786.49 -0.623284 21.4492 -83.3281 -9.0534e-10 
87.8 100 1218.83 -3794.84 -0.623284 21.4654 -83.419 -8.83845e-10 
87.9 100 1220.98 -3803.19 -0.623284 21.4816 -83.5099 -8.62859e-10 
88 100 1223.13 -3811.55 -0.623284 21.4978 -83.6009 -8.42372e-10 
88.1 100 1225.28 -3819.92 -0.623284 21.514 -83.6918 -8.22371e-10 
88.2 100 1227.43 -3828.3 -0.623284 21.5302 -83.7827 -8.02845e-10 
88.3 100 1229.59 -3836.68 -0.623284 21.5464 -83.8736 -7.83782e-10 
88.4 100 1231.75 -3845.08 -0.623284 21.5626 -83.9645 -7.65171e-10 
88.5 100 1233.9 -3853.48 -0.623284 21.5788 -84.0554 -7.47003e-10 
88.6 100 1236.06 -3861.9 -0.623284 21.595 -84.1463 -7.29265e-10 
88.7 100 1238.22 -3870.32 -0.623284 21.6112 -84.2372 -7.11948e-10 
88.8 100 1240.39 -3878.76 -0.623284 21.6274 -84.3281 -6.95042e-10 
88.9 100 1242.55 -3887.2 -0.623284 21.6436 -84.419 -6.78538e-10 
89 100 1244.72 -3895.65 -0.623284 21.6599 -84.5099 -6.62425e-10 
89.1 100 1246.88 -3904.11 -0.623284 21.6761 -84.6008 -6.46695e-10 
89.2 100 1249.05 -3912.58 -0.623284 21.6923 -84.6917 -6.31338e-10 
89.3 100 1251.22 -3921.06 -0.623284 21.7085 -84.7826 -6.16345e-10 
89.4 100 1253.4 -3929.54 -0.623284 21.7247 -84.8735 -6.01709e-10 
89.5 100 1255.57 -3938.04 -0.623284 21.7409 -84.9644 -5.8742e-10 
89.6 100 1257.75 -3946.55 -0.623284 21.7571 -85.0553 -5.73469e-10 
89.7 100 1259.92 -3955.06 -0.623284 21.7733 -85.1462 -5.59851e-10 
89.8 100 1262.1 -3963.58 -0.623284 21.7895 -85.2371 -5.46555e-10 
89.9 100 1264.28 -3972.12 -0.623284 21.8057 -85.328 -5.33575e-10 
90 100 1266.47 -3980.66 -0.623284 21.8219 -85.419 -5.20903e-10 
90.1 100 1268.65 -3989.21 -0.623284 21.8381 -85.5099 -5.08532e-10 
90.2 100 1270.84 -3997.77 -0.623284 21.8543 -85.6008 -4.96454e-10 
90.3 100 1273.02 -4006.34 -0.623284 21.8705 -85.6917 -4.84664e-10 
90.4 100 1275.21 -4014.92 -0.623284 21.8867 -85.7826 -4.73153e-10 
90.5 100 1277.4 -4023.5 -0.623284 21.903 -85.8735 -4.61915e-10 
90.6 100 1279.59 -4032.1 -0.623284 21.9192 -85.9644 -4.50944e-10 
90.7 100 1281.79 -4040.71 -0.623284 21.9354 -86.0553 -4.40234e-10 
90.8 100 1283.98 -4049.32 -0.623284 21.9516 -86.1462 -4.29778e-10 
90.9 100 1286.18 -4057.94 -0.623284 21.9678 -86.2371 -4.1957e-10 
91 100 1288.38 -4066.58 -0.623284 21.984 -86.328 -4.09604e-10 
91.1 100 1290.58 -4075.22 -0.623284 22.0002 -86.4189 -3.99876e-10 
91.2 100 1292.78 -4083.87 -0.623284 22.0164 -86.5098 -3.90378e-10 
91.3 100 1294.98 -4092.53 -0.623284 22.0326 -86.6007 -3.81105e-10 
91.4 100 1297.19 -4101.2 -0.623284 22.0488 -86.6916 -3.72053e-10 
91.5 100 1299.39 -4109.88 -0.623284 22.065 -86.7825 -3.63215e-10 
91.6 100 1301.6 -4118.57 -0.623284 22.0812 -86.8734 -3.54588e-10 
91.7 100 1303.81 -4127.26 -0.623284 22.0974 -86.9643 -3.46165e-10 
91.8 100 1306.02 -4135.97 -0.623284 22.1136 -87.0552 -3.37942e-10 
91.9 100 1308.24 -4144.68 -0.623284 22.1298 -87.1462 -3.29915e-10 
92 100 1310.45 -4153.41 -0.623284 22.1461 -87.2371 -3.22078e-10 
92.1 100 1312.67 -4162.14 -0.623284 22.1623 -87.328 -3.14427e-10 
92.2 100 1314.88 -4170.88 -0.623284 22.1785 -87.4189 -3.06958e-10 
92.3 100 1317.1 -4179.63 -0.623284 22.1947 -87.5098 -2.99666e-10 
92.4 100 1319.32 -4188.39 -0.623284 22.2109 -87.6007 -2.92548e-10 
92.5 100 1321.55 -4197.16 -0.623284 22.2271 -87.6916 -2.85598e-10 
92.6 100 1323.77 -4205.94 -0.623284 22.2433 -87.7825 -2.78814e-10 
92.7 100 1326 -4214.73 -0.623284 22.2595 -87.8734 -2.7219e-10 
92.8 100 1328.23 -4223.52 -0.623284 22.2757 -87.9643 -2.65724e-10 
92.9 100 1330.45 -4232.33 -0.623284 22.2919 -88.0552 -2.59411e-10 
93 100 1332.69 -4241.14 -0.623284 22.3081 -88.1461 -2.53249e-10 
93.1 100 1334.92 -4249.97 -0.623284 22.3243 -88.237 -2.47232e-10 
93.2 100 1337.15 -4258.8 -0.623284 22.3405 -88.3279 -2.41359e-10 
93.3 100 1339.39 -4267.64 -0.623284 22.3567 -88.4188 -2.35625e-10 
93.4 100 1341.62 -4276.49 -0.623284 22.3729 -88.5097 -2.30027e-10 
93.5 100 1343.86 -4285.35 -0.623284 22.3892 -88.6006 -2.24562e-10 
93.6 100 1346.1 -4294.22 -0.623284 22.4054 -88.6915 -2.19227e-10 
93.7 100 1348.35 -4303.1 -0.623284 22.4216 -88.7824 -2.14018e-10 
93.8 100 1350.59 -4311.99 -0.623284 22.4378 -88.8734 -2.08934e-10 
93.9 100 1352.84 -4320.88 -0.623284 22.454 -88.9643 -2.0397e-10 
94 100 1355.08 -4329.79 -0.623284 22.4702 -89.0552 -1.99123e-10 
94.1 100 1357.33 -4338.7 -0.623284 22.4864 -89.1461 -1.94393e-10 
94.2 100 1359.58 -4347.63 -0.623284 22.5026 -89.237 -1.89774e-10 
94.3 100 1361.83 -4356.56 -0.623284 22.5188 -89.3279 -1.85265e-10 
94.4 100 1364.09 -4365.5 -0.623284 22.535 -89.4188 -1.80863e-10 
94.5 100 1366.34 -4374.45 -0.623284 22.5512 -89.5097 -1.76566e-10 
94.6 100 1368.6 -4383.41 -0.623284 22.5674 -89.6006 -1.72371e-10 
94.7 100 1370.86 -4392.38 -0.623284 22.5836 -89.6915 -1.68275e-10 
94.8 100 1373.12 -4401.36 -0.623284 22.5998 -89.7824 -1.64277e-10 
94.9 100 1375.38 -4410.35 -0.623284 22.6161 -89.8733 -1.60373e-10 
95 100 1377.64 -4419.34 -0.623284 22.6323 -89.9642 -1.56563e-10 
95.1 100 1379.91 -4428.35 -0.623284 22.6485 -90.0551 -1.52843e-10 
95.2 100 1382.17 -4437.36 -0.623284 22.6647 -90.146 -1.49211e-10 
95.3 100 1384.44 -4446.39 -0.623284 22.6809 -90.2369 -1.45665e-10 
95.4 100 1386.71 -4455.42 -0.623284 22.6971 -90.3278 -1.42204e-10 
95.5 100 1388.98 -4464.46 -0.623284 22.7133 -90.4187 -1.38825e-10 
95.6 100 1391.26 -4473.51 -0.623284 22.7295 -90.5096 -1.35526e-10 
95.7 100 1393.53 -4482.57 -0.623284 22.7457 -90.6005 -1.32306e-10 
95.8 100 1395.81 -4491.64 -0.623284 22.7619 -90.6915 -1.29162e-10 
95.9 100 1398.08 -4500.72 -0.623284 22.7781 -90.7824 -1.26093e-10 
96 100 1400.36 -4509.81 -0.623284 22.7943 -90.8733 -1.23096e-10 
96.1 100 1402.64 -4518.9 -0.623284 22.8105 -90.9642 -1.20171e-10 
96.2 100 1404.93 -4528.01 -0.623284 22.8267 -91.0551 -1.17316e-10 
96.3 100 1407.21 -4537.12 -0.623284 22.8429 -91.146 -1.14528e-10 
96.4 100 1409.5 -4546.25 -0.623284 22.8592 -91.2369 -1.11806e-10 
96.5 100 1411.78 -4555.38 -0.623284 22.8754 -91.3278 -1.09149e-10 
96.6 100 1414.07 -4564.52 -0.623284 22.8916 -91.4187 -1.06555e-10 
96.7 100 1416.36 -4573.67 -0.623284 22.9078 -91.5096 -1.04023e-10 
96.8 100 1418.66 -4582.83 -0.623284 22.924 -91.6005 -1.01551e-10 
96.9 100 1420.95 -4592 -0.623284 22.9402 -91.6914 -9.91379e-11 
97 100 1423.25 -4601.18 -0.623284 22.9564 -91.7823 -9.67819e-11 
97.1 100 1425.54 -4610.37 -0.623284 22.9726 -91.8732 -9.44819e-11 
97.2 100 1427.84 -4619.56 -0.623284 22.9888 -91.9641 -9.22365e-11 
97.3 100 1430.14 -4628.77 -0.623284 23.005 -92.055 -9.00445e-11 
97.4 100 1432.45 -4637.98 -0.623284 23.0212 -92.1459 -8.79045e-11 
97.5 100 1434.75 -4647.21 -0.623284 23.0374 -92.2368 -8.58154e-11 
97.6 100 1437.05 -4656.44 -0.623284 23.0536 -92.3277 -8.37759e-11 
97.7 100 1439.36 -4665.68 -0.623284 23.0698 -92.4187 -8.17849e-11 
97.8 100 1441.67 -4674.93 -0.623284 23.086 -92.5096 -7.98412e-11 
97.9 100 1443.98 -4684.19 -0.623284 23.1023 -92.6005 -7.79437e-11 
98 100 1446.29 -4693.46 -0.623284 23.1185 -92.6914 -7.60912e-11 
98.1 100 1448.61 -4702.74 -0.623284 23.1347 -92.7823 -7.42828e-11 
98.2 100 1450.92 -4712.03 -0.623284 23.1509 -92.8732 -7.25173e-11 
98.3 100 1453.24 -4721.33 -0.623284 23.1671 -92.9641 -7.07938e-11 
98.4 100 1455.56 -4730.63 -0.623284 23.1833 -93.055 -6.91112e-11 
98.5 100 1457.88 -4739.95 -0.623284 23.1995 -93.1459 -6.74687e-11 
98.6 100 1460.2 -4749.27 -0.623284 23.2157 -93.2368 -6.58651e-11 
98.7 100 1462.52 -4758.6 -0.623284 23.2319 -93.3277 -6.42996e-11 
98.8 100 1464.85 -4767.94 -0.623284 23.2481 -93.4186 -6.27714e-11 
98.9 100 1467.17 -4777.29 -0.623284 23.2643 -93.5095 -6.12794e-11 
99 100 1469.5 -4786.65 -0.623284 23.2805 -93.6004 -5.98229e-11 
99.1 100 1471.83 -4796.02 -0.623284 23.2967 -93.6913 -5.8401e-11 
99.2 100 1474.16 -4805.4 -0.623284 23.3129 -93.7822 -5.70129e-11 
99.3 100 1476.49 -4814.79 -0.623284 23.3291 -93.8731 -5.56578e-11 
99.4 100 1478.83 -4824.19 -0.623284 23.3454 -93.964 -5.43349e-11 
99.5 100 1481.16 -4833.59 -0.623284 23.3616 -94.0549 -5.30434e-11 
99.6 100 1483.5 -4843.01 -0.623284 23.3778 -94.1458 -5.17826e-11 
99.7 100 1485.84 -4852.43 -0.623284 23.394 -94.2368 -5.05518e-11 
99.8 100 1488.18 -4861.86 -0.623284 23.4102 -94.3277 -4.93502e-11 
99.9 100 1490.53 -4871.3 -0.623284 23.4264 -94.4186 -4.81772e-11 
100 100 1492.87 -4880.76 -0.623284 23.4426 -94.5095 -4.7032e-11 
100.1 100 1495.22 -4890.22 -0.623284 23.4588 -94.6004 -4.59141e-11 
100.2 100 1497.56 -4899.68 -0.623284 23.475 -94.6913 -4.48227e-11 
100.3 100 1499.91 -4909.16 -0.623284 23.4912 -94.7822 -4.37572e-11 
100.4 100 1502.26 -4918.65 -0.623284 23.5074 -94.8731 -4.27171e-11 
100.5 100 1504.62 -4928.15 -0.623284 23.5236 -94.964 -4.17017e-11 
100.6 100 1506.97 -4937.65 -0.623284 23.5398 -95.0549 -4.07104e-11 
100.7 100 1509.32 -4947.17 -0.623284 23.556 -95.1458 -3.97427e-11 
100.8 100 1511.68 -4956.69 -0.623284 23.5722 -95.2367 -3.8798e-11 
100.9 100 1514.04 -4966.22 -0.623284 23.5885 -95.3276 -3.78757e-11 
101 100 1516.4 -4975.76 -0.623284 23.6047 -95.4185 -3.69754e-11 
101.1 100 1518.76 -4985.32 -0.623284 23.6209 -95.5094 -3.60964e-11 
101.2 100 1521.13 -4994.88 -0.623284 23.6371 -95.6003 -3.52383e-11 
101.3 100 1523.49 -5004.44 -0.623284 23.6533 -95.6912 -3.44007e-11 
101.4 100 1525.86 -5014.02 -0.623284 23.6695 -95.7821 -3.35829e-11 
101.5 100 1528.23 -5023.61 -0.623284 23.6857 -95.873 -3.27846e-11 
101.6 100 1530.6 -5033.21 -0.623284 23.7019 -95.964 -3.20052e-11 
101.7 100 1532.97 -5042.81 -0.623284 23.7181 -96.0549 -3.12444e-11 
101.8 100 1535.34 -5052.43 -0.623284 23.7343 -96.1458 -3.05016e-11 
101.9 100 1537.72 -5062.05 -0.623284 23.7505 -96.2367 -2.97765e-11 
102 100 1540.1 -5071.68 -0.623284 23.7667 -96.3276 -2.90687e-11 
102.1 100 1542.47 -5081.32 -0.623284 23.7829 -96.4185 -2.83776e-11 
102.2 100 1544.85 -5090.98 -0.623284 23.7991 -96.5094 -2.7703e-11 
102.3 100 1547.23 -5100.64 -0.623284 23.8153 -96.6003 -2.70444e-11 
102.4 100 1549.62 -5110.3 -0.623284 23.8316 -96.6912 -2.64015e-11 
102.5 100 1552 -5119.98 -0.623284 23.8478 -96.7821 -2.57738e-11 
102.6 100 1554.39 -5129.67 -0.623284 23.864 -96.873 -2.51611e-11 
102.7 100 1556.78 -5139.37 -0.623284 23.8802 -96.9639 -2.45629e-11 
102.8 100 1559.17 -5149.07 -0.623284 23.8964 -97.0548 -2.3979e-11 
102.9 100 1561.56 -5158.79 -0.623284 23.9126 -97.1457 -2.34089e-11 
103 100 1563.95 -5168.51 -0.623284 23.9288 -97.2366 -2.28524e-11 
103.1 100 1566.35 -5178.24 -0.623284 23.945 -97.3275 -2.23091e-11 
103.2 100 1568.74 -5187.99 -0.623284 23.9612 -97.4184 -2.17787e-11 
103.3 100 1571.14 -5197.74 -0.623284 23.9774 -97.5093 -2.1261e-11 
103.4 100 1573.54 -5207.5 -0.623284 23.9936 -97.6002 -2.07555e-11 
103.5 100 1575.94 -5217.27 -0.623284 24.0098 -97.6912 -2.0262e-11 
103.6 100 1578.34 -5227.04 -0.623284 24.026 -97.7821 -1.97803e-11 
103.7 100 1580.75 -5236.83 -0.623284 24.0422 -97.873 -1.931e-11 
103.8 100 1583.15 -5246.63 -0.623284 24.0584 -97.9639 -1.8851e-11 
103.9 100 1585.56 -5256.43 -0.623284 24.0747 -98.0548 -1.84028e-11 
104 100 1587.97 -5266.25 -0.623284 24.0909 -98.1457 -1.79652e-11 
104.1 100 1590.38 -5276.07 -0.623284 24.1071 -98.2366 -1.75381e-11 
104.2 100 1592.79 -5285.9 -0.623284 24.1233 -98.3275 -1.71211e-11 
104.3 100 1595.21 -5295.75 -0.623284 24.1395 -98.4184 -1.67141e-11 
104.4 100 1597.62 -5305.6 -0.623284 24.1557 -98.5093 -1.63167e-11 
104.5 100 1600.04 -5315.46 -0.623284 24.1719 -98.6002 -1.59287e-11 
104.6 100 1602.46 -5325.33 -0.623284 24.1881 -98.6911 -1.555e-11 
104.7 100 1604.88 -5335.2 -0.623284 24.2043 -98.782 -1.51803e-11 
104.8 100 1607.3 -5345.09 -0.623284 24.2205 -98.8729 -1.48194e-11 
104.9 100 1609.72 -5354.99 -0.623284 24.2367 -98.9638 -1.4467e-11 
105 100 1612.15 -5364.89 -0.623284 24.2529 -99.0547 -1.41231e-11 
105.1 100 1614.58 -5374.81 -0.623284 24.2691 -99.1456 -1.37873e-11 
105.2 100 1617 -5384.73 -0.623284 24.2853 -99.2365 -1.34595e-11 
105.3 100 1619.43 -5394.66 -0.623284 24.3015 -99.3274 -1.31394e-11 
105.4 100 1621.87 -5404.61 -0.623284 24.3178 -99.4183 -1.2827e-11 
105.5 100 1624.3 -5414.56 -0.623284 24.334 -99.5093 -1.2522e-11 
105.6 100 1626.73 -5424.52 -0.623284 24.3502 -99.6002 -1.22243e-11 
105.7 100 1629.17 -5434.49 -0.623284 24.3664 -99.6911 -1.19336e-11 
105.8 100 1631.61 -5444.46 -0.623284 24.3826 -99.782 -1.16499e-11 
105.9 100 1634.05 -5454.45 -0.623284 24.3988 -99.8729 -1.13729e-11 
106 100 1636.49 -5464.45 -0.623284 24.415 -99.9638 -1.11025e-11 
106.1 100 1638.93 -5474.45 -0.623284 24.4312 -100.055 -1.08385e-11 
106.2 100 1641.38 -5484.47 -0.623284 24.4474 -100.146 -1.05808e-11 
106.3 100 1643.83 -5494.49 -0.623284 24.4636 -100.236 -1.03292e-11 
106.4 100 1646.27 -5504.52 -0.623284 24.4798 -100.327 -1.00836e-11 
106.5 100 1648.72 -5514.57 -0.623284 24.496 -100.418 -9.84382e-12 
106.6 100 1651.17 -5524.62 -0.623284 24.5122 -100.509 -9.60975e-12 
106.7 100 1653.63 -5534.68 -0.623284 24.5284 -100.6 -9.38125e-12 
106.8 100 1656.08 -5544.75 -0.623284 24.5446 -100.691 -9.15818e-12 
106.9 100 1658.54 -5554.82 -0.623284 24.5609 -100.782 -8.94042e-12 
107 100 1661 -5564.91 -0.623284 24.5771 -100.873 -8.72783e-12 
107.1 100 1663.45 -5575.01 -0.623284 24.5933 -100.964 -8.52029e-12 
107.2 100 1665.92 -5585.11 -0.623284 24.6095 -101.055 -8.31769e-12 
107.3 100 1668.38 -5595.23 -0.623284 24.6257 -101.146 -8.11991e-12 
107.4 100 1670.84 -5605.35 -0.623284 24.6419 -101.236 -7.92683e-12 
107.5 100 1673.31 -5615.48 -0.623284 24.6581 -101.327 -7.73833e-12 
107.6 100 1675.78 -5625.63 -0.623284 24.6743 -101.418 -7.55433e-12 
107.7 100 1678.24 -5635.78 -0.623284 24.6905 -101.509 -7.37469e-12 
107.8 100 1680.72 -5645.94 -0.623284 24.7067 -101.6 -7.19933e-12 
107.9 100 1683.19 -5656.11 -0.623284 24.7229 -101.691 -7.02813e-12 
108 100 1685.66 -5666.28 -0.623284 24.7391 -101.782 -6.86101e-12 
108.1 100 1688.14 -5676.47 -0.623284 24.7553 -101.873 -6.69786e-12 
108.2 100 1690.61 -5686.67 -0.623284 24.7715 -101.964 -6.53858e-12 
108.3 100 1693.09 -5696.87 -0.623284 24.7878 -102.055 -6.3831e-12 
108.4 100 1695.57 -5707.09 -0.623284 24.804 -102.146 -6.23131e-12 
108.5 100 1698.06 -5717.31 -0.623284 24.8202 -102.236 -6.08313e-12 
108.6 100 1700.54 -5727.54 -0.623284 24.8364 -102.327 -5.93848e-12 
108.7 100 1703.02 -5737.79 -0.623284 24.8526 -102.418 -5.79726e-12 
108.8 100 1705.51 -5748.04 -0.623284 24.8688 -102.509 -5.6594e-12 
108.9 100 1708 -5758.3 -0.623284 24.885 -102.6 -5.52482e-12 
109 100 1710.49 -5768.57 -0.623284 24.9012 -102.691 -5.39344e-12 
109.1 100 1712.98 -5778.84 -0.623284 24.9174 -102.782 -5.26518e-12 
109.2 100 1715.47 -5789.13 -0.623284 24.9336 -102.873 -5.13997e-12 
109.3 100 1717.97 -5799.43 -0.623284 24.9498 -102.964 -5.01774e-12 
109.4 100 1720.47 -5809.73 -0.623284 24.966 -103.055 -4.89841e-12 
109.5 100 1722.96 -5820.05 -0.623284 24.9822 -103.145 -4.78193e-12 
109.6 100 1725.46 -5830.37 -0.623284 24.9984 -103.236 -4.66821e-12 
109.7 100 1727.97 -5840.7 -0.623284 25.0146 -103.327 -4.55719e-12 
109.8 100 1730.47 -5851.05 -0.623284 25.0309 -103.418 -4.44882e-12 
109.9 100 1732.97 -5861.4 -0.623284 25.0471 -103.509 -4.34302e-12 
110 100 1735.48 -5871.76 -0.623284 25.0633 -103.6 -4.23974e-12 
110.1 100 1737.99 -5882.13 -0.623284 25.0795 -103.691 -4.13891e-12 
110.2 100 1740.5 -5892.5 -0.623284 25.0957 -103.782 -4.04048e-12 
110.3 100 1743.01 -5902.89 -0.623284 25.1119 -103.873 -3.94439e-12 
110.4 100 1745.52 -5913.29 -0.623284 25.1281 -103.964 -3.85059e-12 
110.5 100 1748.04 -5923.69 -0.623284 25.1443 -104.055 -3.75902e-12 
110.6 100 1750.55 -5934.11 -0.623284 25.1605 -104.145 -3.66962e-12 
110.7 100 1753.07 -5944.53 -0.623284 25.1767 -104.236 -3.58235e-12 
110.8 100 1755.59 -5954.96 -0.623284 25.1929 -104.327 -3.49716e-12 
110.9 100 1758.11 -5965.41 -0.623284 25.2091 -104.418 -3.41399e-12 
111 100 1760.63 -5975.86 -0.623284 25.2253 -104.509 -3.3328e-12 
111.1 100 1763.16 -5986.32 -0.623284 25.2415 -104.6 -3.25354e-12 
111.2 100 1765.68 -5996.79 -0.623284 25.2577 -104.691 -3.17617e-12 
111.3 100 1768.21 -6007.26 -0.623284 25.274 -104.782 -3.10063e-12 
111.4 100 1770.74 -6017.75 -0.623284 25.2902 -104.873 -3.02689e-12 
111.5 100 1773.27 -6028.25 -0.623284 25.3064 -104.964 -2.9549e-12 
111.6 100 1775.8 -6038.75 -0.623284 25.3226 -105.054 -2.88463e-12 
111.7 100 1778.34 -6049.27 -0.623284 25.3388 -105.145 -2.81603e-12 
111.8 100 1780.87 -6059.79 -0.623284 25.355 -105.236 -2.74905e-12 
111.9 100 1783.41 -6070.32 -0.623284 25.3712 -105.327 -2.68368e-12 
112 100 1785.95 -6080.87 -0.623284 25.3874 -105.418 -2.61985e-12 
112.1 100 1788.49 -6091.42 -0.623284 25.4036 -105.509 -2.55754e-12 
112.2 100 1791.03 -6101.98 -0.623284 25.4198 -105.6 -2.49672e-12 
112.3 100 1793.57 -6112.55 -0.623284 25.436 -105.691 -2.43734e-12 
112.4 100 1796.12 -6123.12 -0.623284 25.4522 -105.782 -2.37937e-12 
112.5 100 1798.66 -6133.71 -0.623284 25.4684 -105.873 -2.32278e-12 
112.6 100 1801.21 -6144.31 -0.623284 25.4846 -105.964 -2.26754e-12 
112.7 100 1803.76 -6154.91 -0.623284 25.5008 -106.054 -2.21361e-12 
112.8 100 1806.31 -6165.53 -0.623284 25.5171 -106.145 -2.16096e-12 
112.9 100 1808.87 -6176.15 -0.623284 25.5333 -106.236 -2.10956e-12 
113 100 1811.42 -6186.78 -0.623284 25.5495 -106.327 -2.05939e-12 
113.1 100 1813.98 -6197.43 -0.623284 25.5657 -106.418 -2.01041e-12 
113.2 100 1816.54 -6208.08 -0.623284 25.5819 -106.509 -1.9626e-12 
113.3 100 1819.1 -6218.74 -0.623284 25.5981 -106.6 -1.91592e-12 
113.4 100 1821.66 -6229.41 -0.623284 25.6143 -106.691 -1.87035e-12 
113.5 100 1824.22 -6240.08 -0.623284 25.6305 -106.782 -1.82587e-12 
113.6 100 1826.79 -6250.77 -0.623284 25.6467 -106.873 -1.78244e-12 
113.7 100 1829.35 -6261.47 -0.623284 25.6629 -106.963 -1.74005e-12 
113.8 100 1831.92 -6272.17 -0.623284 25.6791 -107.054 -1.69866e-12 
113.9 100 1834.49 -6282.89 -0.623284 25.6953 -107.145 -1.65826e-12 
114 100 1837.06 -6293.61 -0.623284 25.7115 -107.236 -1.61882e-12 
114.1 100 1839.63 -6304.34 -0.623284 25.7277 -107.327 -1.58032e-12 
114.2 100 1842.21 -6315.09 -0.623284 25.7439 -107.418 -1.54273e-12 
114.3 100 1844.79 -6325.84 -0.623284 25.7602 -107.509 -1.50604e-12 
114.4 100 1847.36 -6336.6 -0.623284 25.7764 -107.6 -1.47021e-12 
114.5 100 1849.94 -6347.37 -0.623284 25.7926 -107.691 -1.43525e-12 
114.6 100 1852.52 -6358.14 -0.623284 25.8088 -107.782 -1.40111e-12 
114.7 100 1855.11 -6368.93 -0.623284 25.825 -107.873 -1.36779e-12 
114.8 100 1857.69 -6379.73 -0.623284 25.8412 -107.963 -1.33525e-12 
114.9 100 1860.28 -6390.53 -0.623284 25.8574 -108.054 -1.30349e-12 
115 100 1862.86 -6401.35 -0.623284 25.8736 -108.145 -1.27249e-12 
115.1 100 1865.45 -6412.17 -0.623284 25.8898 -108.236 -1.24222e-12 
115.2 100 1868.04 -6423 -0.623284 25.906 -108.327 -1.21268e-12 
115.3 100 1870.63 -6433.85 -0.623284 25.9222 -108.418 -1.18383e-12 
115.4 100 1873.23 -6444.7 -0.623284 25.9384 -108.509 -1.15567e-12 
115.5 100 1875.82 -6455.56 -0.623284 25.9546 -108.6 -1.12819e-12 
115.6 100 1878.42 -6466.43 -0.623284 25.9708 -108.691 -1.10135e-12 
115.7 100 1881.02 -6477.3 -0.623284 25.987 -108.782 -1.07516e-12 
115.8 100 1883.62 -6488.19 -0.623284 26.0033 -108.872 -1.04958e-12 
115.9 100 1886.22 -6499.09 -0.623284 26.0195 -108.963 -1.02462e-12 
116 100 1888.83 -6509.99 -0.623284 26.0357 -109.054 -1.00025e-12 
116.1 100 1891.43 -6520.91 -0.623284 26.0519 -109.145 -9.76458e-13 
116.2 100 1894.04 -6531.83 -0.623284 26.0681 -109.236 -9.53233e-13 
116.3 100 1896.65 -6542.76 -0.623284 26.0843 -109.327 -9.3056e-13 
116.4 100 1899.26 -6553.71 -0.623284 26.1005 -109.418 -9.08426e-13 
116.5 100 1901.87 -6564.66 -0.623284 26.1167 -109.509 -8.86817e-13 
116.6 100 1904.48 -6575.62 -0.623284 26.1329 -109.6 -8.65723e-13 
116.7 100 1907.1 -6586.58 -0.623284 26.1491 -109.691 -8.45129e-13 
116.8 100 1909.71 -6597.56 -0.623284 26.1653 -109.782 -8.25027e-13 
116.9 100 1912.33 -6608.55 -0.623284 26.1815 -109.872 -8.05405e-13 
117 100 1914.95 -6619.55 -0.623284 26.1977 -109.963 -7.86247e-13 
117.1 100 1917.57 -6630.55 -0.623284 26.2139 -110.054 -7.67545e-13 
117.2 100 1920.19 -6641.57 -0.623284 26.2301 -110.145 -7.49288e-13 
117.3 100 1922.82 -6652.59 -0.623284 26.2464 -110.236 -7.31466e-13 
117.4 100 1925.45 -6663.62 -0.623284 26.2626 -110.327 -7.14069e-13 
117.5 100 1928.07 -6674.66 -0.623284 26.2788 -110.418 -6.97086e-13 
117.6 100 1930.7 -6685.72 -0.623284 26.295 -110.509 -6.80505e-13 
117.7 100 1933.33 -6696.78 -0.623284 26.3112 -110.6 -6.64318e-13 
117.8 100 1935.97 -6707.84 -0.623284 26.3274 -110.691 -6.48518e-13 
117.9 100 1938.6 -6718.92 -0.623284 26.3436 -110.781 -6.33092e-13 
118 100 1941.24 -6730.01 -0.623284 26.3598 -110.872 -6.18033e-13 
118.1 100 1943.87 -6741.11 -0.623284 26.376 -110.963 -6.03333e-13 
118.2 100 1946.51 -6752.21 -0.623284 26.3922 -111.054 -5.88981e-13 
118.3 100 1949.15 -6763.33 -0.623284 26.4084 -111.145 -5.74971e-13 
118.4 100 1951.8 -6774.45 -0.623284 26.4246 -111.236 -5.61294e-13 
118.5 100 1954.44 -6785.58 -0.623284 26.4408 -111.327 -5.47944e-13 
118.6 100 1957.09 -6796.72 -0.623284 26.457 -111.418 -5.3491e-13 
118.7 100 1959.73 -6807.88 -0.623284 26.4732 -111.509 -5.22187e-13 
118.8 100 1962.38 -6819.04 -0.623284 26.4895 -111.6 -5.09765e-13 
118.9 100 1965.03 -6830.2 -0.623284 26.5057 -111.691 -4.97639e-13 
119 100 1967.69 -6841.38 -0.623284 26.5219 -111.781 -4.85802e-13 
119.1 100 1970.34 -6852.57 -0.623284 26.5381 -111.872 -4.74247e-13 
119.2 100 1973 -6863.77 -0.623284 26.5543 -111.963 -4.62967e-13 
119.3 100 1975.65 -6874.97 -0.623284 26.5705 -112.054 -4.51952e-13 
119.4 100 1978.31 -6886.19 -0.623284 26.5867 -112.145 -4.41202e-13 
119.5 100 1980.97 -6897.41 -0.623284 26.6029 -112.236 -4.30708e-13 
119.6 100 1983.63 -6908.64 -0.623284 26.6191 -112.327 -4.20462e-13 
119.7 100 1986.3 -6919.88 -0.623284 26.6353 -112.418 -4.10459e-13 
119.8 100 1988.96 -6931.13 -0.623284 26.6515 -112.509 -4.00694e-13 
119.9 100 1991.63 -6942.39 -0.623284 26.6677 -112.6 -3.91161e-13 
120 100 1994.3 -6953.66 -0.623284 26.6839 -112.69 -3.81854e-13 
120.1 100 1996.97 -6964.94 -0.623284 26.7001 -112.781 -3.7277e-13 
120.2 100 1999.64 -6976.23 -0.623284 26.7164 -112.872 -3.63903e-13 
120.3 100 2002.31 -6987.53 -0.623284 26.7326 -112.963 -3.55245e-13 
120.4 100 2004.99 -6998.83 -0.623284 26.7488 -113.054 -3.46795e-13 
120.5 100 2007.66 -7010.15 -0.623284 26.765 -113.145 -3.38545e-13 
120.6 100 2010.34 -7021.47 -0.623284 26.7812 -113.236 -3.30491e-13 
120.7 100 2013.02 -7032.8 -0.623284 26.7974 -113.327 -3.22627e-13 
120.8 100 2015.7 -7044.14 -0.623284 26.8136 -113.418 -3.1495e-13 
120.9 100 2018.39 -7055.49 -0.623284 26.8298 -113.509 -3.07458e-13 
121 100 2021.07 -7066.85 -0.623284 26.846 -113.6 -3.00144e-13 
121.1 100 2023.76 -7078.22 -0.623284 26.8622 -113.69 -2.93004e-13 
121.2 100 2026.44 -7089.6 -0.623284 26.8784 -113.781 -2.86032e-13 
121.3 100 2029.13 -7100.99 -0.623284 26.8946 -113.872 -2.79226e-13 
121.4 100 2031.82 -7112.39 -0.623284 26.9108 -113.963 -2.72583e-13 
121.5 100 2034.52 -7123.79 -0.623284 26.927 -114.054 -2.66097e-13 
121.6 100 2037.21 -7135.2 -0.623284 26.9432 -114.145 -2.59765e-13 
121.7 100 2039.91 -7146.63 -0.623284 26.9595 -114.236 -2.53585e-13 
121.8 100 2042.61 -7158.06 -0.623284 26.9757 -114.327 -2.47552e-13 
121.9 100 2045.3 -7169.5 -0.623284 26.9919 -114.418 -2.41663e-13 
122 100 2048.01 -7180.95 -0.623284 27.0081 -114.509 -2.35913e-13 
122.1 100 2050.71 -7192.41 -0.623284 27.0243 -114.6 -2.30302e-13 
122.2 100 2053.41 -7203.88 -0.623284 27.0405 -114.69 -2.24822e-13 
122.3 100 2056.12 -7215.36 -0.623284 27.0567 -114.781 -2.19474e-13 
122.4 100 2058.82 -7226.85 -0.623284 27.0729 -114.872 -2.14252e-13 
122.5 100 2061.53 -7238.34 -0.623284 27.0891 -114.963 -2.09154e-13 
122.6 100 2064.24 -7249.85 -0.623284 27.1053 -115.054 -2.04179e-13 
122.7 100 2066.96 -7261.36 -0.623284 27.1215 -115.145 -1.99321e-13 
122.8 100 2069.67 -7272.89 -0.623284 27.1377 -115.236 -1.94577e-13 
122.9 100 2072.39 -7284.42 -0.623284 27.1539 -115.327 -1.89949e-13 
123 100 2075.1 -7295.96 -0.623284 27.1701 -115.418 -1.85427e-13 
123.1 100 2077.82 -7307.51 -0.623284 27.1863 -115.509 -1.81014e-13 
123.2 100 2080.54 -7319.07 -0.623284 27.2026 -115.599 -1.76707e-13 
123.3 100 2083.26 -7330.64 -0.623284 27.2188 -115.69 -1.72502e-13 
123.4 100 2085.99 -7342.22 -0.623284 27.235 -115.781 -1.68397e-13 
123.5 100 2088.71 -7353.81 -0.623284 27.2512 -115.872 -1.64391e-13 
123.6 100 2091.44 -7365.4 -0.623284 27.2674 -115.963 -1.60482e-13 
123.7 100 2094.17 -7377.01 -0.623284 27.2836 -116.054 -1.56665e-13 
123.8 100 2096.9 -7388.62 -0.623284 27.2998 -116.145 -1.52938e-13 
123.9 100 2099.63 -7400.25 -0.623284 27.316 -116.236 -1.49299e-13 
124 100 2102.36 -7411.88 -0.623284 27.3322 -116.327 -1.45747e-13 
124.1 100 2105.1 -7423.52 -0.623284 27.3484 -116.418 -1.42279e-13 
124.2 100 2107.83 -7435.17 -0.623284 27.3646 -116.509 -1.38894e-13 
124.3 100 2110.57 -7446.83 -0.623284 27.3808 -116.599 -1.35589e-13 
124.4 100 2113.31 -7458.5 -0.623284 27.397 -116.69 -1.32362e-13 
124.5 100 2116.05 -7470.18 -0.623284 27.4132 -116.781 -1.29213e-13 
124.6 100 2118.79 -7481.87 -0.623284 27.4294 -116.872 -1.26137e-13 
124.7 100 2121.54 -7493.56 -0.623284 27.4457 -116.963 -1.23137e-13 
124.8 100 2124.29 -7505.27 -0.623284 27.4619 -117.054 -1.20208e-13 
124.9 100 2127.03 -7516.98 -0.623284 27.4781 -117.145 -1.17348e-13 
125 100 2129.78 -7528.71 -0.623284 27.4943 -117.236 -1.14557e-13 
125.1 100 2132.53 -7540.44 -0.623284 27.5105 -117.327 -1.11832e-13 
125.2 100 2135.29 -7552.18 -0.623284 27.5267 -117.418 -1.09172e-13 
125.3 100 2138.04 -7563.93 -0.623284 27.5429 -117.508 -1.06574e-13 
125.4 100 2140.8 -7575.69 -0.623284 27.5591 -117.599 -1.04039e-13 
125.5 100 2143.55 -7587.46 -0.623284 27.5753 -117.69 -1.01565e-13 
125.6 100 2146.31 -7599.24 -0.623284 27.5915 -117.781 -9.91484e-14 
125.7 100 2149.07 -7611.03 -0.623284 27.6077 -117.872 -9.67893e-14 
125.8 100 2151.84 -7622.82 -0.623284 27.6239 -117.963 -9.44859e-14 
125.9 100 2154.6 -7634.63 -0.623284 27.6401 -118.054 -9.22391e-14 
126 100 2157.37 -7646.44 -0.623284 27.6563 -118.145 -9.00458e-14 
126.1 100 2160.13 -7658.27 -0.623284 27.6725 -118.236 -8.79044e-14 
126.2 100 2162.9 -7670.1 -0.623284 27.6888 -118.327 -8.58134e-14 
126.3 100 2165.67 -7681.94 -0.623284 27.705 -118.418 -8.37724e-14 
126.4 100 2168.45 -7693.79 -0.623284 27.7212 -118.508 -8.17815e-14 
126.5 100 2171.22 -7705.65 -0.623284 27.7374 -118.599 -7.98376e-14 
126.6 100 2173.99 -7717.52 -0.623284 27.7536 -118.69 -7.79381e-14 
126.7 100 2176.77 -7729.4 -0.623284 27.7698 -118.781 -7.60827e-14 
126.8 100 2179.55 -7741.29 -0.623284 27.786 -118.872 -7.42732e-14 
126.9 100 2182.33 -7753.18 -0.623284 27.8022 -118.963 -7.25056e-14 
