102 11
0 -0.25 0 0 1 0 -0 0 1 0 1
0.04875 -0.25 0 0 1 0 -0 0 1 0 1
0.14625 -0.25 0 0 1 0 -0 0 1 0 1
0.24375 -0.25 0 0 1 0 -0 0 1 0 1
0.34125 -0.25 0 0 1 0 -0 0 1 0 1
0.43875 -0.25 0 0 1 0 -0 0 1 0 1
0.53625 -0.25 0 0 1 0 -0 0 1 0 1
0.63375 -0.25 0 0 1 0 -0 0 1 0 1
0.73125 -0.25 0 0 1 0 -0 0 1 0 1
0.82875 -0.25 0 0 1 0 -0 0 1 0 1
0.92625 -0.25 0 0 1 0 -0 0 1 0 1
1.02375 -0.25 0 0 1 0 -0 0 1 0 1
1.12125 -0.25 0 0 1 0 -0 0 1 0 1
1.21875 -0.25 0 0 1 0 -0 0 1 0 1
1.31625 -0.25 0 0 1 0 -0 0 1 0 1
1.41375 -0.25 0 0 1 0 -0 0 1 0 1
1.51125 -0.25 0 0 1 0 -0 0 1 0 1
1.60875 -0.25 0 0 1 0 -0 0 1 0 1
1.70625 -0.25 0 0 1 0 -0 0 1 0 1
1.80375 -0.25 0 0 1 0 -0 0 1 0 1
1.90125 -0.25 0 0 1 0 -0 0 1 0 1
1.99875 -0.25 0 0 1 0 -0 0 1 0 1
2.09625 -0.25 0 0 1 0 -0 0 1 0 1
2.19375 -0.25 0 0 1 0 -0 0 1 0 1
2.29125 -0.25 0 0 1 0 -0 0 1 0 1
2.38875 -0.25 0 0 1 0 -0 0 1 0 1
2.48625 -0.25 0 0 1 0 -0 0 1 0 1
2.58375 -0.25 0 0 1 0 -0 0 1 0 1
2.68125 -0.25 0 0 1 0 -0 0 1 0 1
2.77875 -0.25 0 0 1 0 -0 0 1 0 1
2.87625 -0.25 0 0 1 0 -0 0 1 0 1
2.97375 -0.25 0 0 1 0 -0 0 1 0 1
3.07125 -0.25 0 0 1 0 -0 0 1 0 1
3.16875 -0.25 0 0 1 0 -0 0 1 0 1
3.26625 -0.25 0 0 1 0 -0 0 1 0 1
3.36375 -0.25 0 0 1 0 -0 0 1 0 1
3.46125 -0.25 0 0 1 0 -0 0 1 0 1
3.55875 -0.25 0 0 1 0 -0 0 1 0 1
3.65625 -0.25 0 0 1 0 -0 0 1 0 1
3.75375 -0.25 0 0 1 0 -0 0 1 0 1
3.85125 -0.25 0 0 1 0 -0 0 1 0 1
3.94875 -0.25 0 0 1 0 -0 0 1 0 1
4.04625 -0.25 0 0 1 0 -0 0 1 0 1
4.14375 -0.25 0 0 1 0 -0 0 1 0 1
4.24125 -0.25 0 0 1 0 -0 0 1 0 1
4.33875 -0.25 0 0 1 0 -0 0 1 0 1
4.43625 -0.25 0 0 1 0 -0 0 1 0 1
4.53375 -0.25 0 0 1 0 -0 0 1 0 1
4.63125 -0.25 0 0 1 0 -0 0 1 0 1
4.72875 -0.25 0 0 1 0 -0 0 1 0 1
4.82625 -0.25 0 0 1 0 -0 0 1 0 1
4.92375 -0.25 0 0 1 0 -0 0 1 0 1
5.02125 -0.25 0 0 1 0 -0 0 1 0 1
5.11875 -0.25 0 0 1 0 -0 0 1 0 1
5.21625 -0.25 0 0 1 0 -0 0 1 0 1
5.31375 -0.25 0 0 1 0 -0 0 1 0 1
5.41125 -0.25 0 0 1 0 -0 0 1 0 1
5.50875 -0.25 0 0 1 0 -0 0 1 0 1
5.60625 -0.25 0 0 1 0 -0 0 1 0 1
5.70375 -0.25 0 0 1 0 -0 0 1 0 1
5.80125 -0.25 0 0 1 0 -0 0 1 0 1
5.89875 -0.25 0 0 1 0 -0 0 1 0 1
5.99625 -0.25 0 0 1 0 -0 0 1 0 1
6.09375 -0.25 0 0 1 0 -0 0 1 0 1
6.19125 -0.25 0 0 1 0 -0 0 1 0 1
6.28875 -0.25 0 0 1 0 -0 0 1 0 1
6.38625 -0.25 0 0 1 0 -0 0 1 0 1
6.48375 -0.25 0 0 1 0 -0 0 1 0 1
6.58125 -0.25 0 0 1 0 -0 0 1 0 1
6.67875 -0.25 0 0 1 0 -0 0 1 0 1
6.77625 -0.25 0 0 1 0 -0 0 1 0 1
6.87375 -0.25 0 0 1 0 -0 0 1 0 1
6.97125 -0.25 0 0 1 0 -0 0 1 0 1
7.06875 -0.25 0 0 1 0 -0 0 1 0 1
7.16625 -0.25 0 0 1 0 -0 0 1 0 1
7.26375 -0.25 0 0 1 0 -0 0 1 0 1
7.36125 -0.25 0 0 1 0 -0 0 1 0 1
7.45875 -0.25 0 0 1 0 -0 0 1 0 1
7.55625 -0.25 0 0 1 0 -0 0 1 0 1
7.65375 -0.25 0 0 1 0 -0 0 1 0 1
7.75125 -0.25 0 0 1 0 -0 0 1 0 1
7.84875 -0.25 0 0 1 0 -0 0 1 0 1
7.94625 -0.25 0 0 1 0 -0 0 1 0 1
8.04375 -0.25 0 0 1 0 -0 0 1 0 1
8.14125 -0.25 0 0 1 0 -0 0 1 0 1
8.23875 -0.25 0 0 1 0 -0 0 1 0 1
8.33625 -0.25 0 0 1 0 -0 0 1 0 1
8.43375 -0.25 0 0 1 0 -0 0 1 0 1
8.53125 -0.25 0 0 1 0 -0 0 1 0 1
8.62875 -0.25 0 0 1 0 -0 0 1 0 1
8.72625 -0.25 0 0 1 0 -0 0 1 0 1
8.82375 -0.25 0 0 1 0 -0 0 1 0 1
8.92125 -0.25 0 0 1 0 -0 0 1 0 1
9.01875 -0.25 0 0 1 0 -0 0 1 0 1
9.11625 -0.25 0 0 1 0 -0 0 1 0 1
9.21375 -0.25 0 0 1 0 -0 0 1 0 1
9.31125 -0.25 0 0 1 0 -0 0 1 0 1
9.40875 -0.25 0 0 1 0 -0 0 1 0 1
9.50625 -0.25 0 0 1 0 -0 0 1 0 1
9.60375 -0.25 0 0 1 0 -0 0 1 0 1
9.70125 -0.25 0 0 1 0 -0 0 1 0 1
9.75 -0.25 0 0 1 0 -0 0 1 0 1
