102 11
0 -0.25 0 0.601815023152048 0.798635510047293 0 -0 0 1 0.261799387799149 2
0.03375 -0.275432449190969 0 0.601815023152048 0.798635510047293 0 -0 0 1 0.196332087556842 1.992
0.10125 -0.326297347572908 0 0.601815023152048 0.798635510047293 0 -0 0 1 0.0653974870722275 1.976
0.16875 -0.377162245954846 0 0.601815023152048 0.798635510047293 0 -0 0 1 -0.0655371134123871 1.96
0.23625 -0.428027144336785 0 0.601815023152048 0.798635510047293 0 -0 0 1 -0.196471713897002 1.944
0.30375 -0.478892042718724 0 0.601815023152048 0.798635510047293 0 -0 0 1 -0.327406314381616 1.928
0.37125 -0.529756941100662 0 0.601815023152048 0.798635510047293 0 -0 0 1 -0.458340914866231 1.912
0.43875 -0.580621839482601 0 0.601815023152048 0.798635510047293 0 -0 0 1 -0.589275515350846 1.896
0.50625 -0.63148673786454 0 0.601815023152048 0.798635510047293 0 -0 0 1 -0.72021011583546 1.88
0.57375 -0.682351636246478 0 0.601815023152048 0.798635510047293 0 -0 0 1 -0.851144716320075 1.864
0.64125 -0.733216534628417 0 0.601815023152048 0.798635510047293 0 -0 0 1 -0.98207931680469 1.848
0.70875 -0.784081433010355 0 0.601815023152048 0.798635510047293 0 -0 0 1 -1.1130139172893 1.832
0.77625 -0.834946331392294 0 0.601815023152048 0.798635510047293 0 -0 0 1 -1.24394851777392 1.816
0.84375 -0.885811229774233 0 0.601815023152048 0.798635510047293 0 -0 0 1 -1.37488311825853 1.8
0.91125 -0.936676128156171 0 0.601815023152048 0.798635510047293 0 -0 0 1 -1.50581771874315 1.784
0.97875 -0.98754102653811 0 0.601815023152048 0.798635510047293 0 -0 0 1 -1.63675231922776 1.768
1.04625 -1.03840592492005 0 0.601815023152048 0.798635510047293 0 -0 0 1 -1.76768691971238 1.752
1.11375 -1.08927082330199 0 0.601815023152048 0.798635510047293 0 -0 0 1 -1.89862152019699 1.736
1.18125 -1.14013572168393 0 0.601815023152048 0.798635510047293 0 -0 0 1 -2.02955612068161 1.72
1.24875 -1.19100062006586 0 0.601815023152048 0.798635510047293 0 -0 0 1 -2.16049072116622 1.704
1.31625 -1.2418655184478 0 0.601815023152048 0.798635510047293 0 -0 0 1 -2.29142532165084 1.688
1.38375 -1.29273041682974 0 0.601815023152048 0.798635510047293 0 -0 0 1 -2.42235992213545 1.672
1.45125 -1.34359531521168 0 0.601815023152048 0.798635510047293 0 -0 0 1 -2.55329452262006 1.656
1.51875 -1.39446021359362 0 0.601815023152048 0.798635510047293 0 -0 0 1 -2.68422912310468 1.64
1.58625 -1.44532511197556 0 0.601815023152048 0.798635510047293 0 -0 0 1 -2.81516372358929 1.624
1.65375 -1.4961900103575 0 0.601815023152048 0.798635510047293 0 -0 0 1 -2.94609832407391 1.608
1.72125 -1.54705490873943 0 0.601815023152048 0.798635510047293 0 -0 0 1 -3.07703292455852 1.592
1.78875 -1.59791980712137 0 0.601815023152048 0.798635510047293 0 -0 0 1 -3.20796752504314 1.576
1.85625 -1.64878470550331 0 0.601815023152048 0.798635510047293 0 -0 0 1 -3.33890212552775 1.56
1.92375 -1.69964960388525 0 0.601815023152048 0.798635510047293 0 -0 0 1 -3.46983672601237 1.544
1.99125 -1.75051450226719 0 0.601815023152048 0.798635510047293 0 -0 0 1 -3.60077132649698 1.528
2.05875 -1.80137940064913 0 0.601815023152048 0.798635510047293 0 -0 0 1 -3.7317059269816 1.512
2.12625 -1.85224429903107 0 0.601815023152048 0.798635510047293 0 -0 0 1 -3.86264052746621 1.496
2.19375 -1.903109197413 0 0.601815023152048 0.798635510047293 0 -0 0 1 -3.99357512795083 1.48
2.26125 -1.95397409579494 0 0.601815023152048 0.798635510047293 0 -0 0 1 -4.12450972843544 1.464
2.32875 -2.00483899417688 0 0.601815023152048 0.798635510047293 0 -0 0 1 -4.25544432892005 1.448
2.39625 -2.05570389255882 0 0.601815023152048 0.798635510047293 0 -0 0 1 -4.38637892940467 1.432
2.46375 -2.10656879094076 0 0.601815023152048 0.798635510047293 0 -0 0 1 -4.51731352988928 1.416
2.53125 -2.1574336893227 0 0.601815023152048 0.798635510047293 0 -0 0 1 -4.6482481303739 1.4
2.59875 -2.20829858770464 0 0.601815023152048 0.798635510047293 0 -0 0 1 -4.77918273085851 1.384
2.66625 -2.25916348608658 0 0.601815023152048 0.798635510047293 0 -0 0 1 -4.91011733134313 1.368
2.73375 -2.31002838446851 0 0.601815023152048 0.798635510047293 0 -0 0 1 -5.04105193182774 1.352
2.80125 -2.36089328285045 0 0.601815023152048 0.798635510047293 0 -0 0 1 -5.17198653231236 1.336
2.86875 -2.41175818123239 0 0.601815023152048 0.798635510047293 0 -0 0 1 -5.30292113279697 1.32
2.93625 -2.46262307961433 0 0.601815023152048 0.798635510047293 0 -0 0 1 -5.43385573328159 1.304
3.00375 -2.51348797799627 0 0.601815023152048 0.798635510047293 0 -0 0 1 -5.5647903337662 1.288
3.07125 -2.56435287637821 0 0.601815023152048 0.798635510047293 0 -0 0 1 -5.69572493425082 1.272
3.13875 -2.61521777476015 0 0.601815023152048 0.798635510047293 0 -0 0 1 -5.82665953473543 1.256
3.20625 -2.66608267314208 0 0.601815023152048 0.798635510047293 0 -0 0 1 -5.95759413522005 1.24
3.27375 -2.71694757152402 0 0.601815023152048 0.798635510047293 0 -0 0 1 -6.08852873570466 1.224
3.34125 -2.76781246990596 0 0.601815023152048 0.798635510047293 0 -0 0 1 -6.21946333618927 1.208
3.40875 -2.8186773682879 0 0.601815023152048 0.798635510047293 0 -0 0 1 -6.35039793667389 1.192
3.47625 -2.86954226666984 0 0.601815023152048 0.798635510047293 0 -0 0 1 -6.4813325371585 1.176
3.54375 -2.92040716505178 0 0.601815023152048 0.798635510047293 0 -0 0 1 -6.61226713764312 1.16
3.61125 -2.97127206343372 0 0.601815023152048 0.798635510047293 0 -0 0 1 -6.74320173812773 1.144
3.67875 -3.02213696181565 0 0.601815023152048 0.798635510047293 0 -0 0 1 -6.87413633861235 1.128
3.74625 -3.07300186019759 0 0.601815023152048 0.798635510047293 0 -0 0 1 -7.00507093909696 1.112
3.81375 -3.12386675857953 0 0.601815023152048 0.798635510047293 0 -0 0 1 -7.13600553958158 1.096
3.88125 -3.17473165696147 0 0.601815023152048 0.798635510047293 0 -0 0 1 -7.26694014006619 1.08
3.94875 -3.22559655534341 0 0.601815023152048 0.798635510047293 0 -0 0 1 -7.3978747405508 1.064
4.01625 -3.27646145372535 0 0.601815023152048 0.798635510047293 0 -0 0 1 -7.52880934103542 1.048
4.08375 -3.32732635210729 0 0.601815023152048 0.798635510047293 0 -0 0 1 -7.65974394152003 1.032
4.15125 -3.37819125048922 0 0.601815023152048 0.798635510047293 0 -0 0 1 -7.79067854200465 1.016
4.21875 -3.42905614887116 0 0.601815023152048 0.798635510047293 0 -0 0 1 -7.92161314248926 1
4.28625 -3.4799210472531 0 0.601815023152048 0.798635510047293 0 -0 0 1 -8.05254774297388 0.984
4.35375 -3.53078594563504 0 0.601815023152048 0.798635510047293 0 -0 0 1 -8.18348234345849 0.968
4.42125 -3.58165084401698 0 0.601815023152048 0.798635510047293 0 -0 0 1 -8.31441694394311 0.952
4.48875 -3.63251574239892 0 0.601815023152048 0.798635510047293 0 -0 0 1 -8.44535154442772 0.936
4.55625 -3.68338064078086 0 0.601815023152048 0.798635510047293 0 -0 0 1 -8.57628614491234 0.92
4.62375 -3.73424553916279 0 0.601815023152048 0.798635510047293 0 -0 0 1 -8.70722074539695 0.904
4.69125 -3.78511043754473 0 0.601815023152048 0.798635510047293 0 -0 0 1 -8.83815534588157 0.888
4.75875 -3.83597533592667 0 0.601815023152048 0.798635510047293 0 -0 0 1 -8.96908994636618 0.872
4.82625 -3.88684023430861 0 0.601815023152048 0.798635510047293 0 -0 0 1 -9.1000245468508 0.856
4.89375 -3.93770513269055 0 0.601815023152048 0.798635510047293 0 -0 0 1 -9.23095914733541 0.84
4.96125 -3.98857003107249 0 0.601815023152048 0.798635510047293 0 -0 0 1 -9.36189374782002 0.824
5.02875 -4.03943492945443 0 0.601815023152048 0.798635510047293 0 -0 0 1 -9.49282834830464 0.808
5.09625 -4.09029982783636 0 0.601815023152048 0.798635510047293 0 -0 0 1 -9.62376294878925 0.792
5.16375 -4.1411647262183 0 0.601815023152048 0.798635510047293 0 -0 0 1 -9.75469754927387 0.776
5.23125 -4.19202962460024 0 0.601815023152048 0.798635510047293 0 -0 0 1 -9.88563214975848 0.76
5.29875 -4.24289452298218 0 0.601815023152048 0.798635510047293 0 -0 0 1 -10.0165667502431 0.744
5.36625 -4.29375942136412 0 0.601815023152048 0.798635510047293 0 -0 0 1 -10.1475013507277 0.728
5.43375 -4.34462431974606 0 0.601815023152048 0.798635510047293 0 -0 0 1 -10.2784359512123 0.712
5.50125 -4.395489218128 0 0.601815023152048 0.798635510047293 0 -0 0 1 -10.4093705516969 0.696
5.56875 -4.44635411650993 0 0.601815023152048 0.798635510047293 0 -0 0 1 -10.5403051521816 0.68
5.63625 -4.49721901489187 0 0.601815023152048 0.798635510047293 0 -0 0 1 -10.6712397526662 0.664
5.70375 -4.54808391327381 0 0.601815023152048 0.798635510047293 0 -0 0 1 -10.8021743531508 0.648
5.77125 -4.59894881165575 0 0.601815023152048 0.798635510047293 0 -0 0 1 -10.9331089536354 0.632
5.83875 -4.64981371003769 0 0.601815023152048 0.798635510047293 0 -0 0 1 -11.06404355412 0.616
5.90625 -4.70067860841963 0 0.601815023152048 0.798635510047293 0 -0 0 1 -11.1949781546046 0.6
5.97375 -4.75154350680157 0 0.601815023152048 0.798635510047293 0 -0 0 1 -11.3259127550892 0.584
6.04125 -4.80240840518351 0 0.601815023152048 0.798635510047293 0 -0 0 1 -11.4568473555739 0.568
6.10875 -4.85327330356544 0 0.601815023152048 0.798635510047293 0 -0 0 1 -11.5877819560585 0.552
6.17625 -4.90413820194738 0 0.601815023152048 0.798635510047293 0 -0 0 1 -11.7187165565431 0.536
6.24375 -4.95500310032932 0 0.601815023152048 0.798635510047293 0 -0 0 1 -11.8496511570277 0.52
6.31125 -5.00586799871126 0 0.601815023152048 0.798635510047293 0 -0 0 1 -11.9805857575123 0.504
6.37875 -5.0567328970932 0 0.601815023152048 0.798635510047293 0 -0 0 1 -12.1115203579969 0.488
6.44625 -5.10759779547514 0 0.601815023152048 0.798635510047293 0 -0 0 1 -12.2424549584815 0.472
6.51375 -5.15846269385708 0 0.601815023152048 0.798635510047293 0 -0 0 1 -12.3733895589662 0.456
6.58125 -5.20932759223901 0 0.601815023152048 0.798635510047293 0 -0 0 1 -12.5043241594508 0.44
6.64875 -5.26019249062095 0 0.601815023152048 0.798635510047293 0 -0 0 1 -12.6352587599354 0.424
6.71625 -5.31105738900289 0 0.601815023152048 0.798635510047293 0 -0 0 1 -12.76619336042 0.408
6.75 -5.33648983819386 0 0.601815023152048 0.798635510047293 0 -0 0 1 -12.8316606606623 0.4
