12 11
0 0 0 0 1 0 -0 0 1 0.261799387799149 1
0.35 0 0 0 1 0 -0 0 1 0.261799387799149 0.96
1.05 0 0 0 1 0 -0 0 1 0.261799387799149 0.88
1.75 0 0 0 1 0 -0 0 1 0.261799387799149 0.8
2.45 0 0 0 1 0 -0 0 1 0.261799387799149 0.72
3.15 0 0 0 1 0 -0 0 1 0.261799387799149 0.64
3.85 0 0 0 1 0 -0 0 1 0.261799387799149 0.56
4.55 0 0 0 1 0 -0 0 1 0.261799387799149 0.48
5.25 0 0 0 1 0 -0 0 1 0.261799387799149 0.4
5.95 0 0 0 1 0 -0 0 1 0.261799387799149 0.32
6.65 0 0 0 1 0 -0 0 1 0.261799387799149 0.24
7 0 0 0 1 0 -0 0 1 0.261799387799149 0.2
