102 11
0 -0.25 0 0 1 0 -0 0 1 0.261799387799149 1
0.02375 -0.25 0 0 1 0 -0 0 1 0.260054058547155 0.996
0.07125 -0.25 0 0 1 0 -0 0 1 0.256563400043166 0.988
0.11875 -0.25 0 0 1 0 -0 0 1 0.253072741539178 0.98
0.16625 -0.25 0 0 1 0 -0 0 1 0.249582083035189 0.972
0.21375 -0.25 0 0 1 0 -0 0 1 0.2460914245312 0.964
0.26125 -0.25 0 0 1 0 -0 0 1 0.242600766027212 0.956
0.30875 -0.25 0 0 1 0 -0 0 1 0.239110107523223 0.948
0.35625 -0.25 0 0 1 0 -0 0 1 0.235619449019234 0.94
0.40375 -0.25 0 0 1 0 -0 0 1 0.232128790515246 0.932
0.45125 -0.25 0 0 1 0 -0 0 1 0.228638132011257 0.924
0.49875 -0.25 0 0 1 0 -0 0 1 0.225147473507268 0.916
0.54625 -0.25 0 0 1 0 -0 0 1 0.22165681500328 0.908
0.59375 -0.25 0 0 1 0 -0 0 1 0.218166156499291 0.9
0.64125 -0.25 0 0 1 0 -0 0 1 0.214675497995302 0.892
0.68875 -0.25 0 0 1 0 -0 0 1 0.211184839491314 0.884
0.73625 -0.25 0 0 1 0 -0 0 1 0.207694180987325 0.876
0.78375 -0.25 0 0 1 0 -0 0 1 0.204203522483337 0.868
0.83125 -0.25 0 0 1 0 -0 0 1 0.200712863979348 0.86
0.87875 -0.25 0 0 1 0 -0 0 1 0.197222205475359 0.852
0.92625 -0.25 0 0 1 0 -0 0 1 0.193731546971371 0.844
0.97375 -0.25 0 0 1 0 -0 0 1 0.190240888467382 0.836
1.02125 -0.25 0 0 1 0 -0 0 1 0.186750229963393 0.828
1.06875 -0.25 0 0 1 0 -0 0 1 0.183259571459405 0.82
1.11625 -0.25 0 0 1 0 -0 0 1 0.179768912955416 0.812
1.16375 -0.25 0 0 1 0 -0 0 1 0.176278254451427 0.804
1.21125 -0.25 0 0 1 0 -0 0 1 0.172787595947439 0.796
1.25875 -0.25 0 0 1 0 -0 0 1 0.16929693744345 0.788
1.30625 -0.25 0 0 1 0 -0 0 1 0.165806278939461 0.78
1.35375 -0.25 0 0 1 0 -0 0 1 0.162315620435473 0.772
1.40125 -0.25 0 0 1 0 -0 0 1 0.158824961931484 0.764
1.44875 -0.25 0 0 1 0 -0 0 1 0.155334303427495 0.756
1.49625 -0.25 0 0 1 0 -0 0 1 0.151843644923507 0.748
1.54375 -0.25 0 0 1 0 -0 0 1 0.148352986419518 0.74
1.59125 -0.25 0 0 1 0 -0 0 1 0.144862327915529 0.732
1.63875 -0.25 0 0 1 0 -0 0 1 0.141371669411541 0.724
1.68625 -0.25 0 0 1 0 -0 0 1 0.137881010907552 0.716
1.73375 -0.25 0 0 1 0 -0 0 1 0.134390352403563 0.708
1.78125 -0.25 0 0 1 0 -0 0 1 0.130899693899575 0.7
1.82875 -0.25 0 0 1 0 -0 0 1 0.127409035395586 0.692
1.87625 -0.25 0 0 1 0 -0 0 1 0.123918376891597 0.684
1.92375 -0.25 0 0 1 0 -0 0 1 0.120427718387609 0.676
1.97125 -0.25 0 0 1 0 -0 0 1 0.11693705988362 0.668
2.01875 -0.25 0 0 1 0 -0 0 1 0.113446401379631 0.66
2.06625 -0.25 0 0 1 0 -0 0 1 0.109955742875643 0.652
2.11375 -0.25 0 0 1 0 -0 0 1 0.106465084371654 0.644
2.16125 -0.25 0 0 1 0 -0 0 1 0.102974425867665 0.636
2.20875 -0.25 0 0 1 0 -0 0 1 0.0994837673636768 0.628
2.25625 -0.25 0 0 1 0 -0 0 1 0.0959931088596881 0.62
2.30375 -0.25 0 0 1 0 -0 0 1 0.0925024503556995 0.612
2.35125 -0.25 0 0 1 0 -0 0 1 0.0890117918517108 0.604
2.39875 -0.25 0 0 1 0 -0 0 1 0.0855211333477221 0.596
2.44625 -0.25 0 0 1 0 -0 0 1 0.0820304748437335 0.588
2.49375 -0.25 0 0 1 0 -0 0 1 0.0785398163397448 0.58
2.54125 -0.25 0 0 1 0 -0 0 1 0.0750491578357561 0.572
2.58875 -0.25 0 0 1 0 -0 0 1 0.0715584993317675 0.564
2.63625 -0.25 0 0 1 0 -0 0 1 0.0680678408277788 0.556
2.68375 -0.25 0 0 1 0 -0 0 1 0.0645771823237902 0.548
2.73125 -0.25 0 0 1 0 -0 0 1 0.0610865238198015 0.54
2.77875 -0.25 0 0 1 0 -0 0 1 0.0575958653158129 0.532
2.82625 -0.25 0 0 1 0 -0 0 1 0.0541052068118242 0.524
2.87375 -0.25 0 0 1 0 -0 0 1 0.0506145483078355 0.516
2.92125 -0.25 0 0 1 0 -0 0 1 0.0471238898038469 0.508
2.96875 -0.25 0 0 1 0 -0 0 1 0.0436332312998582 0.5
3.01625 -0.25 0 0 1 0 -0 0 1 0.0401425727958696 0.492
3.06375 -0.25 0 0 1 0 -0 0 1 0.0366519142918809 0.484
3.11125 -0.25 0 0 1 0 -0 0 1 0.0331612557878923 0.476
3.15875 -0.25 0 0 1 0 -0 0 1 0.0296705972839036 0.468
3.20625 -0.25 0 0 1 0 -0 0 1 0.026179938779915 0.46
3.25375 -0.25 0 0 1 0 -0 0 1 0.0226892802759263 0.452
3.30125 -0.25 0 0 1 0 -0 0 1 0.0191986217719376 0.444
3.34875 -0.25 0 0 1 0 -0 0 1 0.015707963267949 0.436
3.39625 -0.25 0 0 1 0 -0 0 1 0.0122173047639603 0.428
3.44375 -0.25 0 0 1 0 -0 0 1 0.0087266462599716 0.42
3.49125 -0.25 0 0 1 0 -0 0 1 0.005235987755983 0.412
3.53875 -0.25 0 0 1 0 -0 0 1 0.00174532925199433 0.404
3.58625 -0.25 0 0 1 0 -0 0 1 -0.00174532925199439 0.396
3.63375 -0.25 0 0 1 0 -0 0 1 -0.005235987755983 0.388
3.68125 -0.25 0 0 1 0 -0 0 1 -0.00872664625997166 0.38
3.72875 -0.25 0 0 1 0 -0 0 1 -0.0122173047639603 0.372
3.77625 -0.25 0 0 1 0 -0 0 1 -0.015707963267949 0.364
3.82375 -0.25 0 0 1 0 -0 0 1 -0.0191986217719377 0.356
3.87125 -0.25 0 0 1 0 -0 0 1 -0.0226892802759263 0.348
3.91875 -0.25 0 0 1 0 -0 0 1 -0.026179938779915 0.34
3.96625 -0.25 0 0 1 0 -0 0 1 -0.0296705972839036 0.332
4.01375 -0.25 0 0 1 0 -0 0 1 -0.0331612557878923 0.324
4.06125 -0.25 0 0 1 0 -0 0 1 -0.0366519142918809 0.316
4.10875 -0.25 0 0 1 0 -0 0 1 -0.0401425727958696 0.308
4.15625 -0.25 0 0 1 0 -0 0 1 -0.0436332312998582 0.3
4.20375 -0.25 0 0 1 0 -0 0 1 -0.0471238898038469 0.292
4.25125 -0.25 0 0 1 0 -0 0 1 -0.0506145483078355 0.284
4.29875 -0.25 0 0 1 0 -0 0 1 -0.0541052068118242 0.276
4.34625 -0.25 0 0 1 0 -0 0 1 -0.0575958653158129 0.268
4.39375 -0.25 0 0 1 0 -0 0 1 -0.0610865238198015 0.26
4.44125 -0.25 0 0 1 0 -0 0 1 -0.0645771823237902 0.252
4.48875 -0.25 0 0 1 0 -0 0 1 -0.0680678408277789 0.244
4.53625 -0.25 0 0 1 0 -0 0 1 -0.0715584993317675 0.236
4.58375 -0.25 0 0 1 0 -0 0 1 -0.0750491578357562 0.228
4.63125 -0.25 0 0 1 0 -0 0 1 -0.0785398163397448 0.22
4.67875 -0.25 0 0 1 0 -0 0 1 -0.0820304748437335 0.212
4.72625 -0.25 0 0 1 0 -0 0 1 -0.0855211333477222 0.204
4.75 -0.25 0 0 1 0 -0 0 1 -0.0872664625997165 0.2
