102 11
0.416666666666667 0 0 0 1 0 -0 0 1 0 0.166504410640259
0.427083333333333 0 0 0 1 0 -0 0 1 0 0.166504410640259
0.447916666666667 0 0 0 1 0 -0 0 1 0 0.166504410640259
0.46875 0 0 0 1 0 -0 0 1 0 0.166504410640259
0.489583333333333 0 0 0 1 0 -0 0 1 0 0.166504410640259
0.510416666666667 0 0 0 1 0 -0 0 1 0 0.166504410640259
0.53125 0 0 0 1 0 -0 0 1 0 0.166504410640259
0.552083333333333 0 0 0 1 0 -0 0 1 0 0.166504410640259
0.572916666666667 0 0 0 1 0 -0 0 1 0 0.166504410640259
0.59375 0 0 0 1 0 -0 0 1 0 0.166504410640259
0.614583333333333 0 0 0 1 0 -0 0 1 0 0.166504410640259
0.635416666666667 0 0 0 1 0 -0 0 1 0 0.166504410640259
0.65625 0 0 0 1 0 -0 0 1 0 0.166504410640259
0.677083333333333 0 0 0 1 0 -0 0 1 0 0.166504410640259
0.697916666666667 0 0 0 1 0 -0 0 1 0 0.166504410640259
0.71875 0 0 0 1 0 -0 0 1 0 0.166504410640259
0.739583333333333 0 0 0 1 0 -0 0 1 0 0.166504410640259
0.760416666666667 0 0 0 1 0 -0 0 1 0 0.166504410640259
0.78125 0 0 0 1 0 -0 0 1 0 0.166504410640259
0.802083333333333 0 0 0 1 0 -0 0 1 0 0.166504410640259
0.822916666666667 0 0 0 1 0 -0 0 1 0 0.166504410640259
0.84375 0 0 0 1 0 -0 0 1 0 0.166504410640259
0.864583333333333 0 0 0 1 0 -0 0 1 0 0.166504410640259
0.885416666666667 0 0 0 1 0 -0 0 1 0 0.166504410640259
0.90625 0 0 0 1 0 -0 0 1 0 0.166504410640259
0.927083333333333 0 0 0 1 0 -0 0 1 0 0.166504410640259
0.947916666666667 0 0 0 1 0 -0 0 1 0 0.166504410640259
0.96875 0 0 0 1 0 -0 0 1 0 0.166504410640259
0.989583333333333 0 0 0 1 0 -0 0 1 0 0.166504410640259
1.01041666666667 0 0 0 1 0 -0 0 1 0 0.166504410640259
1.03125 0 0 0 1 0 -0 0 1 0 0.166504410640259
1.05208333333333 0 0 0 1 0 -0 0 1 0 0.166504410640259
1.07291666666667 0 0 0 1 0 -0 0 1 0 0.166504410640259
1.09375 0 0 0 1 0 -0 0 1 0 0.166504410640259
1.11458333333333 0 0 0 1 0 -0 0 1 0 0.166504410640259
1.13541666666667 0 0 0 1 0 -0 0 1 0 0.166504410640259
1.15625 0 0 0 1 0 -0 0 1 0 0.166504410640259
1.17708333333333 0 0 0 1 0 -0 0 1 0 0.166504410640259
1.19791666666667 0 0 0 1 0 -0 0 1 0 0.166504410640259
1.21875 0 0 0 1 0 -0 0 1 0 0.166504410640259
1.23958333333333 0 0 0 1 0 -0 0 1 0 0.166504410640259
1.26041666666667 0 0 0 1 0 -0 0 1 0 0.166504410640259
1.28125 0 0 0 1 0 -0 0 1 0 0.166504410640259
1.30208333333333 0 0 0 1 0 -0 0 1 0 0.166504410640259
1.32291666666667 0 0 0 1 0 -0 0 1 0 0.166504410640259
1.34375 0 0 0 1 0 -0 0 1 0 0.166504410640259
1.36458333333333 0 0 0 1 0 -0 0 1 0 0.166504410640259
1.38541666666667 0 0 0 1 0 -0 0 1 0 0.166504410640259
1.40625 0 0 0 1 0 -0 0 1 0 0.166504410640259
1.42708333333333 0 0 0 1 0 -0 0 1 0 0.166504410640259
1.44791666666667 0 0 0 1 0 -0 0 1 0 0.166504410640259
1.46875 0 0 0 1 0 -0 0 1 0 0.166504410640259
1.48958333333333 0 0 0 1 0 -0 0 1 0 0.166504410640259
1.51041666666667 0 0 0 1 0 -0 0 1 0 0.166504410640259
1.53125 0 0 0 1 0 -0 0 1 0 0.166504410640259
1.55208333333333 0 0 0 1 0 -0 0 1 0 0.166504410640259
1.57291666666667 0 0 0 1 0 -0 0 1 0 0.166504410640259
1.59375 0 0 0 1 0 -0 0 1 0 0.166504410640259
1.61458333333333 0 0 0 1 0 -0 0 1 0 0.166504410640259
1.63541666666667 0 0 0 1 0 -0 0 1 0 0.166504410640259
1.65625 0 0 0 1 0 -0 0 1 0 0.166504410640259
1.67708333333333 0 0 0 1 0 -0 0 1 0 0.166504410640259
1.69791666666667 0 0 0 1 0 -0 0 1 0 0.166504410640259
1.71875 0 0 0 1 0 -0 0 1 0 0.166504410640259
1.73958333333333 0 0 0 1 0 -0 0 1 0 0.166504410640259
1.76041666666667 0 0 0 1 0 -0 0 1 0 0.166504410640259
1.78125 0 0 0 1 0 -0 0 1 0 0.166504410640259
1.80208333333333 0 0 0 1 0 -0 0 1 0 0.166504410640259
1.82291666666667 0 0 0 1 0 -0 0 1 0 0.166504410640259
1.84375 0 0 0 1 0 -0 0 1 0 0.166504410640259
1.86458333333333 0 0 0 1 0 -0 0 1 0 0.166504410640259
1.88541666666667 0 0 0 1 0 -0 0 1 0 0.166504410640259
1.90625 0 0 0 1 0 -0 0 1 0 0.166504410640259
1.92708333333333 0 0 0 1 0 -0 0 1 0 0.166504410640259
1.94791666666667 0 0 0 1 0 -0 0 1 0 0.166504410640259
1.96875 0 0 0 1 0 -0 0 1 0 0.166504410640259
1.98958333333333 0 0 0 1 0 -0 0 1 0 0.166504410640259
2.01041666666667 0 0 0 1 0 -0 0 1 0 0.166504410640259
2.03125 0 0 0 1 0 -0 0 1 0 0.166504410640259
2.05208333333333 0 0 0 1 0 -0 0 1 0 0.166504410640259
2.07291666666667 0 0 0 1 0 -0 0 1 0 0.166504410640259
2.09375 0 0 0 1 0 -0 0 1 0 0.166504410640259
2.11458333333333 0 0 0 1 0 -0 0 1 0 0.166504410640259
2.13541666666667 0 0 0 1 0 -0 0 1 0 0.166504410640259
2.15625 0 0 0 1 0 -0 0 1 0 0.166504410640259
2.17708333333333 0 0 0 1 0 -0 0 1 0 0.166504410640259
2.19791666666667 0 0 0 1 0 -0 0 1 0 0.166504410640259
2.21875 0 0 0 1 0 -0 0 1 0 0.166504410640259
2.23958333333333 0 0 0 1 0 -0 0 1 0 0.166504410640259
2.26041666666667 0 0 0 1 0 -0 0 1 0 0.166504410640259
2.28125 0 0 0 1 0 -0 0 1 0 0.166504410640259
2.30208333333333 0 0 0 1 0 -0 0 1 0 0.166504410640259
2.32291666666667 0 0 0 1 0 -0 0 1 0 0.166504410640259
2.34375 0 0 0 1 0 -0 0 1 0 0.166504410640259
2.36458333333333 0 0 0 1 0 -0 0 1 0 0.166504410640259
2.38541666666667 0 0 0 1 0 -0 0 1 0 0.166504410640259
2.40625 0 0 0 1 0 -0 0 1 0 0.166504410640259
2.42708333333333 0 0 0 1 0 -0 0 1 0 0.166504410640259
2.44791666666667 0 0 0 1 0 -0 0 1 0 0.166504410640259
2.46875 0 0 0 1 0 -0 0 1 0 0.166504410640259
2.48958333333333 0 0 0 1 0 -0 0 1 0 0.166504410640259
2.5 0 0 0 1 0 -0 0 1 0 0.166504410640259
