12 11
0.416666666666667 0 0 0 1 0 -0 0 1 0 0.166504410640259
0.520833333333333 0 0 0 1 0 -0 0 1 0 0.166504410640259
0.729166666666667 0 0 0 1 0 -0 0 1 0 0.166504410640259
0.9375 0 0 0 1 0 -0 0 1 0 0.166504410640259
1.14583333333333 0 0 0 1 0 -0 0 1 0 0.166504410640259
1.35416666666667 0 0 0 1 0 -0 0 1 0 0.166504410640259
1.5625 0 0 0 1 0 -0 0 1 0 0.166504410640259
1.77083333333333 0 0 0 1 0 -0 0 1 0 0.166504410640259
1.97916666666667 0 0 0 1 0 -0 0 1 0 0.166504410640259
2.1875 0 0 0 1 0 -0 0 1 0 0.166504410640259
2.39583333333333 0 0 0 1 0 -0 0 1 0 0.166504410640259
2.5 0 0 0 1 0 -0 0 1 0 0.166504410640259
