System State in Time:
Time | # of Active Airstaitons | Phi | Phi_Dot
0 100 0.0103815 -0.0107592 -0.000336075 0.103764 -0.107538 -0.00335907 
0.10005 100 0.0311426 -0.0322808 -0.00100395 0.207507 -0.215109 -0.00667546 
0.2001 100 0.0622793 -0.0645712 -0.0019994 0.311211 -0.322743 -0.00994946 
0.30015 100 0.103786 -0.10764 -0.00331819 0.414856 -0.430471 -0.0131814 
0.4002 100 0.155654 -0.161499 -0.00495616 0.518422 -0.538325 -0.0163715 
0.50025 100 0.217874 -0.226165 -0.00690914 0.621889 -0.646333 -0.01952 
0.6003 100 0.290434 -0.301655 -0.00917301 0.725238 -0.754525 -0.0226274 
0.70035 100 0.37332 -0.387991 -0.0117437 0.828448 -0.862929 -0.0256937 
0.8004 100 0.466517 -0.485197 -0.014617 0.9315 -0.971572 -0.0287193 
0.90045 100 0.570006 -0.593299 -0.0177891 1.03437 -1.08048 -0.0317045 
1.0005 100 0.683767 -0.712327 -0.0212557 1.13704 -1.18968 -0.0346494 
1.10055 100 0.807779 -0.842311 -0.0250131 1.23949 -1.2992 -0.0375544 
1.2006 100 0.942016 -0.983287 -0.029057 1.3417 -1.40905 -0.0404195 
1.30065 100 1.08645 -1.13529 -0.0333837 1.44364 -1.51926 -0.043245 
1.4007 100 1.24106 -1.29836 -0.0379891 1.54529 -1.62986 -0.0460311 
1.50075 100 1.4058 -1.47253 -0.0428693 1.64663 -1.74085 -0.0487779 
1.6008 100 1.58066 -1.65785 -0.0480205 1.74764 -1.85227 -0.0514856 
1.70085 100 1.76558 -1.85436 -0.0534386 1.84828 -1.96412 -0.0541542 
1.8009 100 1.96053 -2.0621 -0.0591198 1.94854 -2.07642 -0.0567839 
1.90095 100 2.16547 -2.28113 -0.0650603 2.04838 -2.18919 -0.0593748 
2.001 100 2.38035 -2.51149 -0.0712561 2.14779 -2.30244 -0.0619268 
2.10105 100 2.60514 -2.75323 -0.0777033 2.24672 -2.41618 -0.0644401 
2.2011 100 2.83977 -3.0064 -0.0843981 2.34517 -2.53041 -0.0669146 
2.30115 100 3.0842 -3.27105 -0.0913366 2.44309 -2.64516 -0.0693503 
2.4012 100 3.33838 -3.54723 -0.0985149 2.54046 -2.76041 -0.0717472 
2.50125 100 3.60223 -3.83499 -0.105929 2.63725 -2.87618 -0.0741052 
2.6013 100 3.87571 -4.13439 -0.113575 2.73342 -2.99247 -0.0764242 
2.70135 100 4.15875 -4.44547 -0.12145 2.82896 -3.10928 -0.0787041 
2.8014 100 4.45128 -4.76829 -0.129548 2.92381 -3.2266 -0.0809448 
2.90145 100 4.75323 -5.1029 -0.137867 3.01796 -3.34445 -0.0831462 
3.0015 100 5.06452 -5.44936 -0.146402 3.11137 -3.4628 -0.085308 
3.10155 100 5.38508 -5.8077 -0.155149 3.20401 -3.58165 -0.08743 
3.2016 100 5.71483 -6.17798 -0.164105 3.29584 -3.70099 -0.0895121 
3.30165 100 6.05368 -6.56026 -0.173265 3.38683 -3.82082 -0.091554 
3.4017 100 6.40155 -6.95456 -0.182625 3.47695 -3.94111 -0.0935555 
3.50175 100 6.75834 -7.36095 -0.192182 3.56616 -4.06186 -0.0955163 
3.6018 100 7.12397 -7.77947 -0.20193 3.65443 -4.18304 -0.097436 
3.70185 100 7.49833 -8.21015 -0.211867 3.74172 -4.30463 -0.0993145 
3.8019 100 7.88132 -8.65303 -0.221987 3.828 -4.42662 -0.101151 
3.90195 100 8.27284 -9.10816 -0.232287 3.91323 -4.54898 -0.102946 
4.002 100 8.67278 -9.57556 -0.242762 3.99739 -4.67168 -0.104699 
4.10205 100 9.08102 -10.0553 -0.253408 4.08043 -4.7947 -0.106409 
4.2021 100 9.49746 -10.5473 -0.264221 4.16232 -4.918 -0.108076 
4.30215 100 9.92198 -11.0517 -0.275196 4.24304 -5.04155 -0.109699 
4.4022 100 10.3545 -11.5685 -0.28633 4.32254 -5.16532 -0.111279 
4.50225 100 10.7948 -12.0977 -0.297617 4.4008 -5.28928 -0.112815 
4.6023 100 11.2428 -12.6393 -0.309053 4.47778 -5.41337 -0.114306 
4.70235 100 11.6983 -13.1933 -0.320634 4.55346 -5.53757 -0.115752 
4.8024 100 12.1613 -13.7598 -0.332355 4.6278 -5.66183 -0.117153 
4.90245 100 12.6317 -14.3387 -0.344212 4.70078 -5.7861 -0.118509 
5.0025 100 13.1091 -14.93 -0.3562 4.77236 -5.91035 -0.119818 
5.10255 100 13.5936 -15.5338 -0.368314 4.84253 -6.03452 -0.121081 
5.2026 100 14.085 -16.15 -0.38055 4.91125 -6.15856 -0.122298 
5.30265 100 14.5831 -16.7785 -0.392903 4.9785 -6.28243 -0.123467 
5.4027 100 15.0878 -17.4194 -0.405368 5.04427 -6.40608 -0.124589 
5.50275 100 15.5989 -18.0727 -0.417941 5.10853 -6.52944 -0.125663 
5.6028 100 16.1163 -18.7383 -0.430616 5.17125 -6.65247 -0.12669 
5.70285 100 16.6398 -19.4161 -0.443389 5.23243 -6.77511 -0.127668 
5.8029 100 17.1692 -20.1062 -0.456255 5.29204 -6.8973 -0.128597 
5.90295 100 17.7045 -20.8085 -0.46921 5.35008 -7.01899 -0.129478 
6.003 100 18.2454 -21.5228 -0.482247 5.40653 -7.14012 -0.13031 
6.10305 100 18.7918 -22.2493 -0.495363 5.46138 -7.26063 -0.131093 
6.2031 100 19.3436 -22.9877 -0.508552 5.51462 -7.38047 -0.131827 
6.30315 100 19.9005 -23.738 -0.52181 5.56625 -7.49957 -0.132511 
6.4032 100 20.4624 -24.5002 -0.535131 5.61626 -7.61788 -0.133146 
6.50325 100 21.0291 -25.2741 -0.548511 5.66465 -7.73533 -0.133731 
6.6033 100 21.6006 -26.0597 -0.561944 5.71142 -7.85187 -0.134266 
6.70335 100 22.1765 -26.8568 -0.575426 5.75656 -7.96744 -0.134752 
6.8034 100 22.7568 -27.6654 -0.588952 5.8001 -8.08198 -0.135189 
6.90345 100 23.3413 -28.4854 -0.602516 5.84203 -8.19544 -0.135576 
7.0035 100 23.9298 -29.3166 -0.616115 5.88235 -8.30775 -0.135913 
7.10355 100 24.5222 -30.1589 -0.629742 5.92109 -8.41886 -0.136202 
7.2036 100 25.1184 -31.0122 -0.643393 5.95825 -8.52872 -0.136441 
7.30365 100 25.7181 -31.8763 -0.657063 5.99385 -8.63728 -0.136632 
7.4037 100 26.3211 -32.7512 -0.670747 6.02791 -8.74447 -0.136774 
7.50375 100 26.9275 -33.6367 -0.684441 6.06043 -8.85026 -0.136869 
7.6038 100 27.5369 -34.5326 -0.698139 6.09145 -8.95458 -0.136915 
7.70385 100 28.1493 -35.4388 -0.711837 6.12099 -9.05741 -0.136914 
7.8039 100 28.7646 -36.3551 -0.72553 6.14906 -9.15867 -0.136865 
7.90395 100 29.3824 -37.2814 -0.739214 6.1757 -9.25835 -0.136771 
8.004 100 30.0028 -38.2175 -0.752884 6.20093 -9.35639 -0.13663 
8.10405 100 30.6256 -39.1633 -0.766535 6.22479 -9.45275 -0.136444 
8.2041 100 31.2507 -40.1185 -0.780164 6.24729 -9.5474 -0.136213 
8.30415 100 31.8778 -41.083 -0.793764 6.26848 -9.6403 -0.135937 
8.4042 100 32.507 -42.0566 -0.807333 6.28839 -9.73142 -0.135618 
8.50425 100 33.138 -43.0392 -0.820865 6.30704 -9.82073 -0.135256 
8.6043 100 33.7708 -44.0305 -0.834357 6.32449 -9.9082 -0.134852 
8.70435 100 34.4052 -45.0304 -0.847804 6.34075 -9.9938 -0.134406 
8.8044 100 35.0411 -46.0386 -0.861203 6.35587 -10.0775 -0.13392 
8.90445 100 35.6784 -47.0551 -0.874549 6.36989 -10.1593 -0.133394 
9.0045 100 36.317 -48.0795 -0.887839 6.38284 -10.2392 -0.132829 
9.10455 100 36.9568 -49.1118 -0.901068 6.39477 -10.3172 -0.132225 
9.2046 100 37.5977 -50.1516 -0.914233 6.4057 -10.3932 -0.131585 
9.30465 100 38.2396 -51.1988 -0.92733 6.41569 -10.4673 -0.130908 
9.4047 100 38.8824 -52.2533 -0.940356 6.42477 -10.5393 -0.130196 
9.50475 100 39.526 -53.3148 -0.953308 6.43299 -10.6095 -0.129449 
9.6048 100 40.1703 -54.3831 -0.966181 6.44037 -10.6776 -0.128669 
9.70485 100 40.8154 -55.458 -0.978973 6.44696 -10.7438 -0.127856 
9.8049 100 41.461 -56.5393 -0.99168 6.4528 -10.808 -0.127012 
9.90495 100 42.1071 -57.6269 -1.0043 6.45794 -10.8703 -0.126137 
10.005 100 42.7536 -58.7205 -1.01683 6.4624 -10.9306 -0.125234 
10.1051 100 43.4006 -59.82 -1.02927 6.46622 -10.9889 -0.124301 
10.2051 100 44.0479 -60.925 -1.04161 6.46945 -11.0454 -0.123342 
10.3052 100 44.6954 -62.0356 -1.05385 6.47212 -11.0999 -0.122356 
10.4052 100 45.3431 -63.1514 -1.06599 6.47427 -11.1526 -0.121345 
10.5053 100 45.9911 -64.2723 -1.07803 6.47593 -11.2033 -0.12031 
10.6053 99 46.6391 -65.3981 -1.08996 6.47713 -11.2522 -0.119252 
10.7054 99 47.2872 -66.5286 -1.10178 6.47791 -11.2992 -0.11817 
10.8054 98 47.9354 -67.6636 -1.11349 6.47831 -11.3443 -0.117067 
10.9055 98 48.5835 -68.8029 -1.12509 6.47835 -11.3876 -0.115943 
11.0055 97 49.2317 -69.9464 -1.13658 6.47807 -11.4291 -0.1148 
11.1056 97 49.8797 -71.0938 -1.14795 6.4775 -11.4688 -0.113637 
11.2056 96 50.5277 -72.2451 -1.1592 6.47666 -11.5068 -0.112458 
11.3057 95 51.1756 -73.4 -1.17033 6.47559 -11.543 -0.111262 
11.4057 95 51.8234 -74.5583 -1.18134 6.47432 -11.5775 -0.11005 
11.5058 94 52.471 -75.7199 -1.19223 6.47286 -11.6104 -0.108825 
11.6058 93 53.1184 -76.8847 -1.20299 6.47124 -11.6418 -0.107586 
11.7059 93 53.7657 -78.0524 -1.21363 6.4695 -11.6715 -0.106334 
11.8059 92 54.4128 -79.223 -1.22414 6.46763 -11.6997 -0.105072 
11.906 91 55.0597 -80.3962 -1.23453 6.46568 -11.7265 -0.103799 
12.006 90 55.7064 -81.572 -1.24479 6.46366 -11.7518 -0.102516 
12.1061 89 56.3528 -82.7501 -1.25491 6.46159 -11.7756 -0.101225 
12.2061 88 56.9991 -83.9305 -1.26491 6.45949 -11.7981 -0.0999264 
12.3062 87 57.6452 -85.113 -1.27478 6.45737 -11.8193 -0.0986207 
12.4062 86 58.291 -86.2975 -1.28451 6.45524 -11.8392 -0.0973092 
12.5063 85 58.9367 -87.4839 -1.29412 6.45313 -11.8578 -0.0959928 
12.6063 84 59.5821 -88.672 -1.30359 6.45103 -11.8753 -0.0946724 
12.7064 82 60.2273 -89.8618 -1.31293 6.44897 -11.8916 -0.0933488 
12.8064 81 60.8723 -91.0531 -1.32214 6.44696 -11.9068 -0.0920218 
12.9065 80 61.5171 -92.2458 -1.33121 6.445 -11.9209 -0.0906934 
13.0065 78 62.1618 -93.4398 -1.34015 6.4431 -11.934 -0.0893642 
13.1066 76 62.8062 -94.635 -1.34896 6.44128 -11.9461 -0.0880342 
13.2066 75 63.4505 -95.8313 -1.35763 6.43954 -11.9571 -0.0867041 
13.3067 73 64.0946 -97.0286 -1.36618 6.43787 -11.9674 -0.0853755 
13.4067 71 64.7386 -98.2269 -1.37459 6.43629 -11.9767 -0.0840485 
13.5068 69 65.3824 -99.426 -1.38286 6.4348 -11.9853 -0.0827235 
13.6068 66 66.026 -100.626 -1.39101 6.4334 -11.993 -0.0814014 
13.7069 64 66.6696 -101.826 -1.39902 6.43211 -11.9999 -0.0800821 
13.8069 61 67.313 -103.028 -1.4069 6.43092 -12.0062 -0.0787671 
13.907 58 67.9563 -104.229 -1.41465 6.42982 -12.0117 -0.0774561 
14.007 55 68.5995 -105.432 -1.42227 6.42883 -12.0166 -0.07615 
14.1071 52 69.2426 -106.634 -1.42976 6.42794 -12.0209 -0.0748494 
14.2071 48 69.8856 -107.838 -1.43712 6.42715 -12.0246 -0.0735548 
14.3072 44 70.5286 -109.041 -1.44435 6.42645 -12.0278 -0.0722663 
14.4072 39 71.1715 -110.245 -1.45145 6.42585 -12.0305 -0.0709845 
14.5073 34 71.8144 -111.448 -1.45842 6.42536 -12.0327 -0.0697095 
14.6073 29 72.4572 -112.652 -1.46527 6.42495 -12.0344 -0.0684419 
14.7074 23 73.1 -113.857 -1.47199 6.42463 -12.0358 -0.0671824 
14.8074 16 73.7427 -115.061 -1.47859 6.4244 -12.0367 -0.0659309 
14.9075 8 74.3855 -116.265 -1.48506 6.42425 -12.0373 -0.0646879 
15.0075 0 75.0282 -117.47 -1.49141 6.42418 -12.0376 -0.0634535 
15.1076 0 75.6709 -118.674 -1.49763 6.42418 -12.0376 -0.0622283 
15.2076 0 76.3137 -119.878 -1.50374 6.42418 -12.0376 -0.0610154 
15.3077 0 76.9564 -121.083 -1.50972 6.42418 -12.0376 -0.0598147 
15.4077 0 77.5992 -122.287 -1.51559 6.42418 -12.0376 -0.0586261 
15.5078 0 78.2419 -123.491 -1.52134 6.42418 -12.0376 -0.0574494 
15.6078 0 78.8846 -124.696 -1.52697 6.42418 -12.0376 -0.0562846 
15.7079 0 79.5274 -125.9 -1.53248 6.42418 -12.0376 -0.0551316 
15.8079 0 80.1701 -127.105 -1.53789 6.42418 -12.0376 -0.0539903 
15.908 0 80.8129 -128.309 -1.54317 6.42418 -12.0376 -0.0528606 
16.008 0 81.4556 -129.513 -1.54835 6.42418 -12.0376 -0.0517424 
16.1081 0 82.0983 -130.718 -1.55342 6.42418 -12.0376 -0.0506356 
16.2081 0 82.7411 -131.922 -1.55837 6.42418 -12.0376 -0.0495401 
16.3082 0 83.3838 -133.126 -1.56322 6.42418 -12.0376 -0.0484558 
16.4082 0 84.0266 -134.331 -1.56796 6.42418 -12.0376 -0.0473827 
16.5083 0 84.6693 -135.535 -1.5726 6.42418 -12.0376 -0.0463206 
16.6083 0 85.312 -136.739 -1.57713 6.42418 -12.0376 -0.0452695 
